Name,
Age,
Gender,M
Seen,Y
Birth,
Exp_with_coding,Y
Education,Highschool
-0.042,0.0
0.0,0.0
0.0,0.0
0.042,0.0
0.083,0.0
0.125,0.0
0.167,0.0
0.209,0.0
0.25,0.0
0.292,0.0
0.334,0.0
0.375,0.0
0.417,0.0
0.459,0.0
0.501,0.0
0.542,0.0
0.584,0.0
0.626,0.0
0.667,0.0
0.709,0.0
0.751,0.0
0.792,0.0
0.834,0.0
0.876,0.0
0.918,0.0
0.959,0.0
1.001,0.0
1.043,0.0
1.084,0.0
1.126,3.0
1.168,6.0
1.21,6.0
1.251,9.0
1.293,19.0
1.335,33.0
1.376,63.0
1.418,70.0
1.46,85.0
1.501,88.0
1.543,70.0
1.585,-182.0
1.752,-214.0
1.793,-57.0
1.835,2.0
1.877,5.0
1.919,-16.0
1.96,-121.0
2.002,-142.0
2.044,-131.0
2.085,51.0
2.127,120.0
2.169,122.0
2.211,69.0
2.252,16.0
2.294,22.0
2.336,147.0
2.377,284.0
2.419,252.0
2.461,118.0
2.502,37.0
2.544,36.0
2.586,122.0
2.628,167.0
2.669,159.0
2.711,69.0
2.753,-54.0
2.794,-92.0
2.836,-119.0
2.878,-162.0
2.92,-223.0
2.961,-234.0
3.003,-234.0
3.045,-220.0
3.086,-138.0
3.128,17.0
3.17,117.0
3.212,207.0
3.253,246.0
3.295,247.0
3.337,247.0
3.378,229.0
3.42,145.0
3.462,-17.0
3.503,-135.0
3.545,-171.0
3.587,-171.0
3.629,-105.0
3.67,42.0
3.712,108.0
3.754,154.0
3.795,161.0
3.837,160.0
3.879,91.0
3.921,4.0
3.962,-91.0
4.004,-99.0
4.046,-105.0
4.087,-105.0
4.129,-102.0
4.171,-101.0
4.213,-101.0
4.254,-100.0
4.296,-89.0
4.338,-89.0
4.379,-89.0
4.421,-89.0
4.463,-89.0
4.504,-89.0
4.546,-89.0
4.588,-89.0
4.63,-89.0
4.671,-89.0
4.713,-89.0
4.755,-89.0
4.796,-89.0
4.838,143.0
4.88,142.0
4.922,138.0
4.963,119.0
5.005,36.0
5.047,-20.0
5.088,-25.0
5.13,-25.0
5.172,-25.0
5.214,-23.0
5.255,-22.0
5.297,-19.0
5.339,-18.0
5.38,-18.0
5.422,-18.0
5.464,-18.0
5.505,-18.0
5.547,-18.0
5.589,-18.0
5.631,-18.0
5.672,-18.0
5.714,-18.0
5.756,-18.0
5.797,-18.0
5.839,-18.0
5.881,-18.0
5.923,-18.0
5.964,-18.0
6.006,-18.0
6.048,-18.0
6.089,-18.0
6.131,-18.0
6.173,-18.0
6.215,-18.0
6.256,-18.0
6.298,-18.0
6.34,-18.0
6.381,-18.0
6.423,-18.0
6.465,-18.0
6.506,-18.0
6.548,-18.0
6.59,-18.0
6.632,-18.0
6.673,-18.0
6.715,-18.0
6.757,-18.0
6.798,-18.0
6.84,-18.0
6.882,-18.0
6.924,-18.0
6.965,-18.0
7.007,-18.0
7.049,-18.0
7.09,-18.0
7.132,-18.0
7.174,-18.0
7.216,-18.0
7.257,-18.0
7.299,-18.0
7.341,-18.0
7.382,-18.0
7.424,-18.0
7.466,-18.0
7.507,-18.0
7.549,-18.0
7.591,-18.0
7.633,-18.0
7.674,-18.0
7.716,-18.0
7.758,-18.0
7.799,-18.0
7.841,-18.0
7.883,-18.0
7.925,-18.0
7.966,-18.0
8.008,-18.0
8.05,-18.0
8.091,-18.0
8.133,-18.0
8.175,-18.0
8.217,-18.0
8.258,-18.0
8.3,-18.0
8.342,-18.0
8.383,-18.0
8.425,-18.0
8.467,-18.0
8.508,-18.0
8.55,-18.0
8.592,-18.0
8.634,-18.0
8.675,-18.0
8.717,-18.0
8.759,-18.0
8.8,-18.0
8.842,-18.0
8.884,-18.0
8.926,-18.0
8.967,-18.0
9.009,-18.0
9.051,-17.0
9.092,-4.0
9.134,6.0
9.176,21.0
9.218,20.0
9.259,-20.0
9.301,-70.0
9.343,-119.0
9.384,-120.0
9.426,-124.0
9.468,-130.0
9.51,-147.0
9.551,-148.0
9.593,-148.0
9.635,-146.0
9.676,-140.0
9.718,-139.0
9.76,-139.0
9.801,-144.0
9.843,-150.0
9.885,-150.0
9.927,-136.0
9.968,-128.0
10.01,-128.0
10.052,-130.0
10.093,-134.0
10.135,-135.0
10.177,-134.0
10.219,-132.0
10.26,-129.0
10.302,-126.0
10.344,-126.0
10.385,-126.0
10.427,-126.0
10.469,-126.0
10.511,-126.0
10.552,-126.0
10.594,-126.0
10.636,-126.0
10.677,-126.0
10.719,-126.0
10.761,-126.0
10.802,-126.0
10.844,-126.0
10.886,-126.0
10.928,-126.0
10.969,-126.0
11.011,-126.0
11.053,-126.0
11.094,-126.0
11.136,-126.0
11.178,-126.0
11.22,-126.0
11.261,-126.0
11.303,-126.0
11.345,-126.0
11.386,-126.0
11.428,-126.0
11.47,-126.0
11.512,-126.0
11.553,-126.0
11.595,-126.0
11.637,-126.0
11.678,-126.0
11.72,-126.0
11.762,-126.0
11.803,-126.0
11.845,-126.0
11.887,-126.0
11.929,-126.0
11.97,-126.0
12.012,-126.0
12.054,-126.0
12.095,-126.0
12.137,-126.0
12.179,-126.0
12.221,-126.0
12.262,-126.0
12.304,-126.0
12.346,-126.0
12.387,-126.0
12.429,-126.0
12.471,-126.0
12.513,-126.0
12.554,-126.0
12.596,-126.0
12.638,-126.0
12.679,-126.0
12.721,-126.0
12.763,-126.0
12.804,-126.0
12.846,-126.0
12.888,-126.0
12.93,-126.0
12.971,-126.0
13.013,-126.0
13.055,-126.0
13.096,-126.0
13.138,-126.0
13.18,-126.0
13.222,-126.0
13.263,-126.0
13.305,-126.0
13.347,-126.0
13.388,-126.0
13.43,-126.0
13.472,-126.0
13.514,-126.0
13.555,-126.0
13.597,-126.0
13.639,-126.0
13.68,-126.0
13.722,-126.0
13.764,-126.0
13.805,-126.0
13.847,-126.0
13.889,-126.0
13.931,-126.0
13.972,-126.0
14.014,-126.0
14.056,-126.0
14.097,-126.0
14.139,-126.0
14.181,-126.0
14.223,-126.0
14.264,-126.0
14.306,-126.0
14.348,-126.0
14.389,-126.0
14.431,-126.0
14.473,-126.0
14.515,-126.0
14.556,-126.0
14.598,-126.0
14.64,-126.0
14.681,-126.0
14.723,-126.0
14.765,-126.0
14.806,-126.0
14.848,-126.0
14.89,-126.0
14.932,-126.0
14.973,-126.0
15.015,-126.0
15.057,-126.0
15.098,-126.0
15.14,-126.0
15.182,-126.0
15.224,-126.0
15.265,-126.0
15.307,-126.0
15.349,-126.0
15.39,-126.0
15.432,-126.0
15.474,-126.0
15.516,-126.0
15.557,-126.0
15.599,-126.0
15.641,-126.0
15.682,-126.0
15.724,-126.0
15.766,-126.0
15.807,-126.0
15.849,-126.0
15.891,-126.0
15.933,-126.0
15.974,-126.0
16.016,-126.0
16.058,-126.0
16.099,-126.0
16.141,-126.0
16.183,-126.0
16.225,-126.0
16.266,-126.0
16.308,-126.0
16.35,-126.0
16.391,-126.0
16.433,-126.0
16.475,-126.0
16.517,-126.0
16.558,-126.0
16.6,-126.0
16.642,-126.0
16.683,-126.0
16.725,-126.0
16.767,-126.0
16.808,-126.0
16.85,-126.0
16.892,-126.0
16.934,-126.0
16.975,-126.0
17.017,-126.0
17.059,-126.0
17.1,-126.0
17.142,-126.0
17.184,-126.0
17.226,-126.0
17.267,-126.0
17.309,-126.0
17.351,-126.0
17.392,-126.0
17.434,-126.0
17.476,-126.0
17.518,-126.0
17.559,-126.0
17.601,-126.0
17.643,-126.0
17.684,-126.0
17.726,-126.0
17.768,-126.0
17.809,-126.0
17.851,-126.0
17.893,-126.0
17.935,-126.0
17.976,-126.0
18.018,-126.0
18.06,-126.0
18.101,-126.0
18.143,-126.0
18.185,-126.0
18.227,-126.0
18.268,-126.0
18.31,-126.0
18.352,-126.0
18.393,-126.0
18.435,-126.0
18.477,-126.0
18.519,-126.0
18.56,-126.0
18.602,-126.0
18.644,-126.0
18.685,-126.0
18.727,-126.0
18.769,-126.0
18.81,-126.0
18.852,-126.0
18.894,-126.0
18.936,-126.0
18.977,-126.0
19.019,-126.0
19.061,-126.0
19.102,-126.0
19.144,-126.0
19.186,-126.0
19.228,-126.0
19.269,-126.0
19.311,-126.0
19.353,-126.0
19.394,-126.0
19.436,-126.0
19.478,-126.0
19.52,-126.0
19.561,-126.0
19.603,-126.0
19.645,-126.0
19.686,-126.0
19.728,-126.0
19.77,-126.0
19.811,-126.0
19.853,-126.0
19.895,-126.0
19.937,-126.0
19.978,-126.0
20.02,-126.0
20.062,-126.0
20.103,-126.0
20.145,-126.0
20.187,-126.0
20.229,-126.0
20.27,-126.0
20.312,-126.0
20.354,-126.0
20.395,-126.0
20.437,-126.0
20.479,-126.0
20.521,-126.0
20.562,-126.0
20.604,-126.0
20.646,-126.0
20.687,-126.0
20.729,-126.0
20.771,-126.0
20.812,-126.0
20.854,-126.0
20.896,-126.0
20.938,-126.0
20.979,-126.0
21.021,-126.0
21.063,-126.0
21.104,-126.0
21.146,-126.0
21.188,-126.0
21.23,-126.0
21.271,-126.0
21.313,-126.0
21.355,-126.0
21.396,-126.0
21.438,-126.0
21.48,-126.0
21.522,-126.0
21.563,-126.0
21.605,-126.0
21.647,-126.0
21.688,-126.0
21.73,-126.0
21.772,-126.0
21.813,-126.0
21.855,-126.0
21.897,-126.0
21.939,-126.0
21.98,-126.0
22.022,-126.0
22.064,-126.0
22.105,-126.0
22.147,-126.0
22.189,-126.0
22.231,-126.0
22.272,-126.0
22.314,-126.0
22.356,-126.0
22.397,-126.0
22.439,-126.0
22.481,-126.0
22.522,-126.0
22.564,-126.0
22.606,-126.0
22.648,-126.0
22.689,-126.0
22.731,-126.0
22.773,-126.0
22.814,-126.0
22.856,-126.0
22.898,-126.0
22.94,-126.0
22.981,-126.0
23.023,-126.0
23.065,-126.0
23.106,-126.0
23.148,-126.0
23.19,-126.0
23.232,-126.0
23.273,-126.0
23.315,-126.0
23.357,-126.0
23.398,-126.0
23.44,-126.0
23.482,-126.0
23.523,-126.0
23.565,-126.0
23.607,-126.0
23.649,-126.0
23.69,-126.0
23.732,-126.0
23.774,-126.0
23.815,-126.0
23.857,-126.0
23.899,-126.0
23.941,-126.0
23.982,-126.0
24.024,-126.0
24.066,-126.0
24.107,-126.0
24.149,-126.0
24.191,-126.0
24.233,-126.0
24.274,-126.0
24.316,-126.0
24.358,-126.0
24.399,-126.0
24.441,-126.0
24.483,-126.0
24.524,-126.0
24.566,-126.0
24.608,-126.0
24.65,-126.0
24.691,-126.0
24.733,-126.0
24.775,-126.0
24.816,-126.0
24.858,-126.0
24.9,-126.0
24.942,-126.0
24.983,-126.0
25.025,-126.0
25.067,-126.0
25.108,-126.0
25.15,-126.0
25.192,-126.0
25.234,-126.0
25.275,-126.0
25.317,-126.0
25.359,-126.0
25.4,-126.0
25.442,-126.0
25.484,-126.0
25.525,-126.0
25.567,-126.0
25.609,-126.0
25.651,-126.0
25.692,-126.0
25.734,-126.0
25.776,-126.0
25.817,-126.0
25.859,-126.0
25.901,-126.0
25.943,-126.0
25.984,-126.0
26.026,-126.0
26.068,-126.0
26.109,-126.0
26.151,-126.0
26.193,-126.0
26.235,-126.0
26.276,-126.0
26.318,-126.0
26.36,-126.0
26.401,-126.0
26.443,-126.0
26.485,-126.0
26.526,-126.0
26.568,-126.0
26.61,-126.0
26.652,-126.0
26.693,-126.0
26.735,-126.0
26.777,-126.0
26.818,-126.0
26.86,-126.0
26.902,-126.0
26.944,-126.0
26.985,-126.0
27.027,-126.0
27.069,-126.0
27.11,-126.0
27.152,-126.0
27.194,-126.0
27.236,-126.0
27.277,-126.0
27.319,-126.0
27.361,-126.0
27.402,-126.0
27.444,-126.0
27.486,-126.0
27.527,-126.0
27.569,-126.0
27.611,-126.0
27.653,-126.0
27.694,-126.0
27.736,-126.0
27.778,-126.0
27.819,-126.0
27.861,-126.0
27.903,-126.0
27.945,-126.0
27.986,-126.0
28.028,-126.0
28.07,-126.0
28.111,-126.0
28.153,-126.0
28.195,-126.0
28.237,-126.0
28.278,-126.0
28.32,-126.0
28.362,-126.0
28.403,-126.0
28.445,-126.0
28.487,-126.0
28.528,-126.0
28.57,-126.0
28.612,-126.0
28.654,-126.0
28.695,-126.0
28.737,-126.0
28.779,-126.0
28.82,-126.0
28.862,-126.0
28.904,-126.0
28.946,-126.0
28.987,-126.0
29.029,-126.0
29.071,-126.0
29.112,-126.0
29.154,-126.0
29.196,-126.0
29.238,-126.0
29.279,-126.0
29.321,-126.0
29.363,-126.0
29.404,-126.0
29.446,-126.0
29.488,-126.0
29.529,-126.0
29.571,-126.0
29.613,-126.0
29.655,-126.0
29.696,-126.0
29.738,-126.0
29.78,-126.0
29.821,-126.0
29.863,-126.0
29.905,-126.0
29.947,-126.0
29.988,-126.0
30.03,-126.0
30.072,-126.0
30.113,-126.0
30.155,-126.0
30.197,-126.0
30.239,-126.0
30.28,-126.0
30.322,-126.0
30.364,-126.0
30.405,-126.0
30.447,-126.0
30.489,-126.0
30.53,-126.0
30.572,-126.0
30.614,-126.0
30.656,-126.0
30.697,-126.0
30.739,-126.0
30.781,-126.0
30.822,-126.0
30.864,-126.0
30.906,-126.0
30.948,-126.0
30.989,-126.0
31.031,-126.0
31.073,-126.0
31.114,-126.0
31.156,-126.0
31.198,-126.0
31.24,-126.0
31.281,-126.0
31.323,-126.0
31.365,-126.0
31.406,-126.0
31.448,-126.0
31.49,-126.0
31.531,-126.0
31.573,-126.0
31.615,-126.0
31.657,-126.0
31.698,-126.0
31.74,-126.0
31.782,-126.0
31.823,-126.0
31.865,-126.0
31.907,-126.0
31.949,-126.0
31.99,-126.0
32.032,-126.0
32.074,-126.0
32.115,-126.0
32.157,-126.0
32.199,-126.0
32.241,-126.0
32.282,-126.0
32.324,-126.0
32.366,-126.0
32.407,-126.0
32.449,-126.0
32.491,-126.0
32.532,-126.0
32.574,-126.0
32.616,-126.0
32.658,-126.0
32.699,-126.0
32.741,-126.0
32.783,-126.0
32.824,-126.0
32.866,-126.0
32.908,-126.0
32.95,-126.0
32.991,-126.0
33.033,-126.0
33.075,-126.0
33.116,-126.0
33.158,-126.0
33.2,-126.0
33.242,-126.0
33.283,-126.0
33.325,-126.0
33.367,-126.0
33.408,-126.0
33.45,-126.0
33.492,-126.0
33.533,-126.0
33.575,-126.0
33.617,-126.0
33.659,-126.0
33.7,-126.0
33.742,-126.0
33.784,-126.0
33.825,-126.0
33.867,-126.0
33.909,-126.0
33.951,-126.0
33.992,-126.0
34.034,-126.0
34.076,-126.0
34.117,-126.0
34.159,-126.0
34.201,-126.0
34.243,-126.0
34.284,-126.0
34.326,-126.0
34.368,-126.0
34.409,-126.0
34.451,-126.0
34.493,-126.0
34.534,-126.0
34.576,-126.0
34.618,-126.0
34.66,-126.0
34.701,-126.0
34.743,-126.0
34.785,-126.0
34.826,-126.0
34.868,-126.0
34.91,-126.0
34.952,-126.0
34.993,-126.0
35.035,-126.0
35.077,-126.0
35.118,-126.0
35.16,-126.0
35.202,-126.0
35.244,-126.0
35.285,-126.0
35.327,-126.0
35.369,-126.0
35.41,-126.0
35.452,-126.0
35.494,-126.0
35.535,-126.0
35.577,-126.0
35.619,-126.0
35.661,-126.0
35.702,-126.0
35.744,-126.0
35.786,-126.0
35.827,-126.0
35.869,-126.0
35.911,-126.0
35.953,-126.0
35.994,-126.0
36.036,-126.0
36.078,-126.0
36.119,-126.0
36.161,-126.0
36.203,-126.0
36.245,-126.0
36.286,-126.0
36.328,-126.0
36.37,-126.0
36.411,-126.0
36.453,-126.0
36.495,-126.0
36.536,-126.0
36.578,-126.0
36.62,-126.0
36.662,-126.0
36.703,-126.0
36.745,-126.0
36.787,-126.0
36.828,-126.0
36.87,-126.0
36.912,-126.0
36.954,-126.0
36.995,-126.0
37.037,-126.0
37.079,-126.0
37.12,-126.0
37.162,-126.0
37.204,-126.0
37.246,-126.0
37.287,-126.0
37.329,-126.0
37.371,-126.0
37.412,-126.0
37.454,-126.0
37.496,-126.0
37.537,-126.0
37.579,-126.0
37.621,-126.0
37.663,-126.0
37.704,-126.0
37.746,-126.0
37.788,-126.0
37.829,-126.0
37.871,-126.0
37.913,-126.0
37.955,-126.0
37.996,-126.0
38.038,-126.0
38.08,-126.0
38.121,-126.0
38.163,-126.0
38.205,-126.0
38.247,-126.0
38.288,-126.0
38.33,-126.0
38.372,-126.0
38.413,-126.0
38.455,-126.0
38.497,-126.0
38.538,-126.0
38.58,-126.0
38.622,-126.0
38.664,-126.0
38.705,-126.0
38.747,-126.0
38.789,-126.0
38.83,-126.0
38.872,-126.0
38.914,-126.0
38.956,-126.0
38.997,-126.0
39.039,-126.0
39.081,-126.0
39.122,-126.0
39.164,-126.0
39.206,-126.0
39.248,-126.0
39.289,-126.0
39.331,-126.0
39.373,-126.0
39.414,-126.0
39.456,-126.0
39.498,-126.0
39.539,-126.0
39.581,-126.0
39.623,-126.0
39.665,-126.0
39.706,-126.0
39.748,-126.0
39.79,-126.0
39.831,-126.0
39.873,-126.0
39.915,-126.0
39.957,-126.0
39.998,-126.0
40.04,-126.0
40.082,-126.0
40.123,-126.0
40.165,-126.0
40.207,-126.0
40.249,-126.0
40.29,-126.0
40.332,-126.0
40.374,-126.0
40.415,-126.0
40.457,-126.0
40.499,-126.0
40.54,-126.0
40.582,-126.0
40.624,-126.0
40.666,-126.0
40.707,-126.0
40.749,-126.0
40.791,-126.0
40.832,-126.0
40.874,-126.0
40.916,-126.0
40.958,-126.0
40.999,-126.0
41.041,-126.0
41.083,-126.0
41.124,-126.0
41.166,-126.0
41.208,-126.0
41.25,-126.0
41.291,-126.0
41.333,-126.0
41.375,-126.0
41.416,-126.0
41.458,-126.0
41.5,-126.0
41.541,-126.0
41.583,-126.0
41.625,-126.0
41.667,-126.0
41.708,-126.0
41.75,-126.0
41.792,-126.0
41.833,-126.0
41.875,-126.0
41.917,-126.0
41.959,-126.0
42.0,-126.0
42.042,-126.0
42.084,-126.0
42.125,-126.0
42.167,-126.0
42.209,-126.0
42.251,-126.0
42.292,-126.0
42.334,-126.0
42.376,-126.0
42.417,-126.0
42.459,-126.0
42.501,-126.0
42.542,-126.0
42.584,-126.0
42.626,-126.0
42.668,-126.0
42.709,-126.0
42.751,-126.0
42.793,-126.0
42.834,-126.0
42.876,-126.0
42.918,-126.0
42.96,-126.0
43.001,-126.0
43.043,-126.0
43.085,-126.0
43.126,-126.0
43.168,-126.0
43.21,-126.0
43.252,-126.0
43.293,-126.0
43.335,-126.0
43.377,-126.0
43.418,-126.0
43.46,-126.0
43.502,-126.0
43.543,-126.0
43.585,-126.0
43.627,-126.0
43.669,-126.0
43.71,-126.0
43.752,-126.0
43.794,-126.0
43.835,-126.0
43.877,-126.0
43.919,-126.0
43.961,-126.0
44.002,-126.0
44.044,-126.0
44.086,-126.0
44.127,-126.0
44.169,-126.0
44.211,-126.0
44.253,-126.0
44.294,-126.0
44.336,-126.0
44.378,-126.0
44.419,-126.0
44.461,-126.0
44.503,-126.0
44.544,-126.0
44.586,-126.0
44.628,-126.0
44.67,-126.0
44.711,-126.0
44.753,-109.0
44.795,-48.0
44.836,-20.0
44.878,-8.0
44.92,-8.0
44.962,-8.0
45.003,-8.0
45.045,-8.0
45.087,-8.0
45.128,-8.0
45.17,-8.0
45.212,150.0
45.254,161.0
45.295,158.0
45.337,157.0
45.379,157.0
45.42,158.0
45.462,167.0
45.504,174.0
45.545,175.0
45.587,175.0
45.629,175.0
45.671,175.0
45.712,175.0
45.754,175.0
45.796,175.0
45.837,175.0
45.879,175.0
45.921,175.0
45.963,175.0
46.004,175.0
46.046,175.0
46.088,175.0
46.129,175.0
46.171,175.0
46.213,175.0
46.255,175.0
46.296,175.0
46.338,175.0
46.38,175.0
46.421,175.0
46.463,175.0
46.505,175.0
46.546,175.0
46.588,175.0
46.63,175.0
46.672,175.0
46.713,175.0
46.755,175.0
46.797,175.0
46.838,175.0
46.88,175.0
46.922,175.0
46.964,175.0
47.005,175.0
47.047,175.0
47.089,175.0
47.13,175.0
47.172,175.0
47.214,175.0
47.256,175.0
47.297,175.0
47.339,175.0
47.381,175.0
47.422,175.0
47.464,175.0
47.506,175.0
47.547,175.0
47.589,175.0
47.631,175.0
47.673,175.0
47.714,175.0
47.756,175.0
47.798,175.0
47.839,175.0
47.881,175.0
47.923,175.0
47.965,175.0
48.006,175.0
48.048,175.0
48.09,175.0
48.131,175.0
48.173,175.0
48.215,175.0
48.257,175.0
48.298,175.0
48.34,175.0
48.382,175.0
48.423,175.0
48.465,175.0
48.507,175.0
48.548,175.0
48.59,175.0
48.632,175.0
48.674,175.0
48.715,175.0
48.757,175.0
48.799,175.0
48.84,175.0
48.882,175.0
48.924,175.0
48.966,175.0
49.007,175.0
49.049,175.0
49.091,175.0
49.132,175.0
49.174,175.0
49.216,175.0
49.258,175.0
49.299,175.0
49.341,175.0
49.383,175.0
49.424,175.0
49.466,175.0
49.508,175.0
49.549,175.0
49.591,175.0
49.633,175.0
49.675,175.0
49.716,175.0
49.758,175.0
49.8,175.0
49.841,175.0
49.883,175.0
49.925,175.0
49.967,175.0
50.008,175.0
50.05,175.0
50.092,175.0
50.133,175.0
50.175,175.0
50.217,175.0
50.259,175.0
50.3,175.0
50.342,175.0
50.384,175.0
50.425,175.0
50.467,175.0
50.509,175.0
50.55,175.0
50.592,175.0
50.634,175.0
50.676,175.0
50.717,175.0
50.759,175.0
50.801,175.0
50.842,175.0
50.884,175.0
50.926,175.0
50.968,175.0
51.009,175.0
51.051,175.0
51.093,175.0
51.134,175.0
51.176,175.0
51.218,175.0
51.26,175.0
51.301,175.0
51.343,175.0
51.385,175.0
51.426,175.0
51.468,175.0
51.51,175.0
51.551,175.0
51.593,175.0
51.635,175.0
51.677,175.0
51.718,175.0
51.76,175.0
51.802,175.0
51.843,175.0
51.885,175.0
51.927,175.0
51.969,175.0
52.01,175.0
52.052,175.0
52.094,175.0
52.135,175.0
52.177,175.0
52.219,175.0
52.261,175.0
52.302,175.0
52.344,175.0
52.386,175.0
52.427,175.0
52.469,175.0
52.511,175.0
52.552,175.0
52.594,175.0
52.636,175.0
52.678,175.0
52.719,175.0
52.761,175.0
52.803,175.0
52.844,175.0
52.886,175.0
52.928,175.0
52.97,175.0
53.011,175.0
53.053,175.0
53.095,175.0
53.136,175.0
53.178,175.0
53.22,175.0
53.262,175.0
53.303,175.0
53.345,175.0
53.387,175.0
53.428,175.0
53.47,175.0
53.512,175.0
53.553,175.0
53.595,175.0
53.637,175.0
53.679,175.0
53.72,175.0
53.762,175.0
53.804,175.0
53.845,175.0
53.887,175.0
53.929,175.0
53.971,175.0
54.012,175.0
54.054,175.0
54.096,175.0
54.137,175.0
54.179,175.0
54.221,175.0
54.263,175.0
54.304,175.0
54.346,175.0
54.388,175.0
54.429,175.0
54.471,175.0
54.513,175.0
54.554,175.0
54.596,175.0
54.638,175.0
54.68,175.0
54.721,175.0
54.763,175.0
54.805,175.0
54.846,175.0
54.888,175.0
54.93,175.0
54.972,175.0
55.013,175.0
55.055,175.0
55.097,175.0
55.138,175.0
55.18,175.0
55.222,175.0
55.264,175.0
55.305,175.0
55.347,175.0
55.389,175.0
55.43,175.0
55.472,175.0
55.514,175.0
55.555,175.0
55.597,175.0
55.639,175.0
55.681,175.0
55.722,175.0
55.764,175.0
55.806,175.0
55.847,175.0
55.889,175.0
55.931,175.0
55.973,175.0
56.014,175.0
56.056,175.0
56.098,175.0
56.139,175.0
56.181,175.0
56.223,175.0
56.265,175.0
56.306,175.0
56.348,175.0
56.39,175.0
56.431,175.0
56.473,175.0
56.515,175.0
56.556,175.0
56.598,175.0
56.64,175.0
56.682,175.0
56.723,175.0
56.765,175.0
56.807,175.0
56.848,175.0
56.89,175.0
56.932,175.0
56.974,175.0
57.015,175.0
57.057,175.0
57.099,175.0
57.14,175.0
57.182,175.0
57.224,175.0
57.266,175.0
57.307,175.0
57.349,175.0
57.391,175.0
57.432,175.0
57.474,175.0
57.516,175.0
57.557,175.0
57.599,175.0
57.641,175.0
57.683,175.0
57.724,175.0
57.766,175.0
57.808,175.0
57.849,175.0
57.891,175.0
57.933,175.0
57.975,175.0
58.016,175.0
58.058,175.0
58.1,175.0
58.141,175.0
58.183,175.0
58.225,175.0
58.267,175.0
58.308,175.0
58.35,175.0
58.392,175.0
58.433,175.0
58.475,175.0
58.517,175.0
58.558,175.0
58.6,175.0
58.642,175.0
58.684,175.0
58.725,175.0
58.767,175.0
58.809,175.0
58.85,175.0
58.892,175.0
58.934,175.0
58.976,175.0
59.017,175.0
59.059,175.0
59.101,175.0
59.142,175.0
59.184,175.0
59.226,175.0
59.268,175.0
59.309,175.0
59.351,175.0
59.393,175.0
59.434,175.0
59.476,175.0
59.518,175.0
59.559,175.0
59.601,175.0
59.643,175.0
59.685,175.0
59.726,175.0
59.768,175.0
59.81,175.0
59.851,175.0
59.893,175.0
59.935,175.0
59.977,175.0
60.018,175.0
60.06,175.0
60.102,175.0
60.143,175.0
60.185,175.0
60.227,175.0
60.269,175.0
60.31,175.0
60.352,175.0
60.394,175.0
60.435,175.0
60.477,175.0
60.519,175.0
60.56,175.0
60.602,175.0
60.644,175.0
60.686,175.0
60.727,175.0
60.769,175.0
60.811,175.0
60.852,175.0
60.894,175.0
60.936,175.0
60.978,175.0
61.019,175.0
61.061,175.0
61.103,175.0
61.144,175.0
61.186,175.0
61.228,175.0
61.27,175.0
61.311,175.0
61.353,175.0
61.395,175.0
61.436,175.0
61.478,175.0
61.52,175.0
61.561,175.0
61.603,175.0
61.645,175.0
61.687,175.0
61.728,175.0
61.77,175.0
61.812,175.0
61.853,175.0
61.895,175.0
61.937,175.0
61.979,175.0
62.02,175.0
62.062,175.0
62.104,175.0
62.145,175.0
62.187,175.0
62.229,175.0
62.271,175.0
62.312,175.0
62.354,175.0
62.396,175.0
62.437,175.0
62.479,175.0
62.521,175.0
62.562,175.0
62.604,175.0
62.646,175.0
62.688,175.0
62.729,175.0
62.771,175.0
62.813,175.0
62.854,175.0
62.896,175.0
62.938,175.0
62.98,175.0
63.021,175.0
63.063,173.0
63.105,173.0
63.146,173.0
63.188,169.0
63.23,31.0
63.272,-236.0
63.563,-290.0
63.605,-261.0
63.647,-251.0
63.689,-244.0
63.73,-243.0
63.772,-250.0
63.814,-288.0
63.855,-296.0
63.897,-296.0
63.939,-296.0
63.981,-290.0
64.022,-286.0
64.064,-281.0
64.106,-270.0
64.147,-244.0
64.189,-222.0
64.231,-221.0
64.273,-221.0
64.314,-220.0
64.356,-219.0
64.398,-219.0
64.439,-219.0
64.481,-225.0
64.523,-250.0
64.564,-296.0
64.773,-297.0
64.815,-289.0
64.856,-282.0
64.898,-281.0
64.94,-280.0
64.982,-280.0
65.023,-280.0
65.065,-281.0
65.107,-281.0
65.148,-281.0
65.19,-281.0
65.232,-281.0
65.274,-277.0
65.315,-274.0
65.357,-273.0
65.399,-273.0
65.44,-273.0
65.482,-273.0
65.524,-273.0
65.565,-273.0
65.607,-273.0
65.649,-271.0
65.691,-270.0
65.732,-270.0
65.774,-272.0
65.816,-278.0
65.857,-279.0
65.899,-280.0
65.941,-285.0
65.983,-291.0
66.024,-292.0
66.066,-296.0
66.191,-298.0
66.233,-293.0
66.275,-283.0
66.316,-280.0
