Name, 
Age,
Timestap,Rating
-0.042,0.0
-0.042,0.0
-0.042,0.0
-0.042,0.0
0.0,0.0
0.0,0.0
0.0,0.0
0.042,0.0
0.042,0.0
0.083,0.0
0.083,0.0
0.083,0.0
0.125,0.0
0.125,0.0
0.167,0.0
0.167,0.0
0.167,0.0
0.209,0.0
0.209,0.0
0.25,0.0
0.25,0.0
0.25,0.0
0.292,0.0
0.292,0.0
0.334,0.0
0.334,0.0
0.334,0.0
0.375,0.0
0.375,0.0
0.417,0.0
0.417,0.0
0.417,0.0
0.459,0.0
0.459,0.0
0.501,0.0
0.501,0.0
0.501,0.0
0.542,0.0
0.542,0.0
0.584,0.0
0.584,0.0
0.584,0.0
0.626,0.0
0.626,0.0
0.667,0.0
0.667,0.0
0.667,0.0
0.709,0.0
0.709,0.0
0.751,0.0
0.751,0.0
0.751,0.0
0.792,0.0
0.792,0.0
0.834,0.0
0.834,0.0
0.834,0.0
0.876,0.0
0.876,0.0
0.918,0.0
0.918,0.0
0.918,0.0
0.959,0.0
0.959,0.0
1.001,0.0
1.001,0.0
1.001,0.0
1.043,0.0
1.043,0.0
1.084,0.0
1.084,0.0
1.084,0.0
1.126,0.0
1.126,0.0
1.168,0.0
1.168,0.0
1.168,0.0
1.21,0.0
1.21,0.0
1.251,0.0
1.251,0.0
1.251,0.0
1.293,0.0
1.293,0.0
1.335,0.0
1.335,3.0
1.335,7.0
1.376,15.0
1.376,19.0
1.418,27.0
1.418,30.0
1.418,34.0
1.46,41.0
1.46,43.0
1.501,52.0
1.501,55.0
1.501,58.0
1.543,62.0
1.543,64.0
1.585,71.0
1.585,77.0
1.585,86.0
1.627,92.0
1.627,98.0
1.668,113.0
1.668,121.0
1.668,137.0
1.71,167.0
1.71,176.0
1.752,191.0
1.752,197.0
1.752,214.0
1.793,222.0
1.793,229.0
1.835,236.0
1.835,244.0
1.835,258.0
1.877,280.0
1.877,288.0
2.211,294.0
2.211,286.0
2.211,280.0
2.252,274.0
2.252,273.0
2.294,267.0
2.294,266.0
2.294,260.0
2.336,251.0
2.336,249.0
2.377,240.0
2.377,235.0
2.377,230.0
2.419,221.0
2.419,218.0
2.461,207.0
2.461,202.0
2.461,194.0
2.502,186.0
2.502,182.0
2.544,172.0
2.544,167.0
2.544,155.0
2.586,136.0
2.586,125.0
2.628,122.0
2.628,120.0
2.628,119.0
2.669,117.0
2.669,116.0
2.711,107.0
2.711,102.0
2.711,92.0
2.753,78.0
2.794,73.0
2.794,71.0
2.794,65.0
2.836,57.0
2.836,44.0
2.836,32.0
2.878,24.0
2.878,17.0
2.878,10.0
2.92,-1.0
2.92,-6.0
2.961,-20.0
2.961,-25.0
2.961,-45.0
3.003,-60.0
3.003,-80.0
3.045,-94.0
3.045,-103.0
3.045,-111.0
3.086,-119.0
3.128,-129.0
3.128,-133.0
3.128,-139.0
3.128,-148.0
3.17,-156.0
3.17,-157.0
3.212,-161.0
3.212,-164.0
3.212,-168.0
3.253,-176.0
3.295,-182.0
3.295,-187.0
3.295,-193.0
3.337,-201.0
3.337,-204.0
3.378,-212.0
3.378,-217.0
3.378,-232.0
3.42,-238.0
3.42,-240.0
3.462,-242.0
3.462,-243.0
3.462,-244.0
3.503,-245.0
3.503,-248.0
3.545,-251.0
3.545,-252.0
3.545,-254.0
3.587,-257.0
3.587,-258.0
3.629,-259.0
3.629,-259.0
3.629,-259.0
3.67,-259.0
3.67,-259.0
3.712,-259.0
3.712,-259.0
3.712,-259.0
3.754,-259.0
3.754,-259.0
3.795,-259.0
3.795,-259.0
3.795,-258.0
3.837,-256.0
3.837,-254.0
3.879,-245.0
3.879,-242.0
3.879,-226.0
3.921,-205.0
3.921,-199.0
3.962,-178.0
3.962,-173.0
3.962,-169.0
4.004,-168.0
4.004,-168.0
4.046,-168.0
4.046,-164.0
4.046,-161.0
4.087,-156.0
4.087,-154.0
4.129,-150.0
4.129,-144.0
4.129,-125.0
4.171,-88.0
4.171,-71.0
4.213,1.0
4.213,19.0
4.213,82.0
4.254,104.0
4.254,107.0
4.296,113.0
4.296,120.0
4.296,127.0
4.338,138.0
4.338,142.0
4.379,164.0
4.379,174.0
4.379,191.0
4.421,211.0
4.421,215.0
4.463,228.0
4.463,237.0
4.463,250.0
4.504,264.0
4.504,270.0
4.546,274.0
4.546,275.0
4.546,278.0
4.588,280.0
4.588,281.0
4.63,281.0
4.63,281.0
4.63,281.0
4.671,281.0
4.671,281.0
4.713,280.0
4.713,280.0
4.713,279.0
4.755,276.0
4.755,273.0
4.796,269.0
4.796,266.0
4.796,264.0
4.838,263.0
4.838,262.0
4.88,261.0
4.88,260.0
4.88,257.0
4.922,252.0
4.922,250.0
4.963,245.0
4.963,241.0
4.963,238.0
5.005,235.0
5.005,231.0
5.047,228.0
5.047,224.0
5.047,218.0
5.088,216.0
5.088,216.0
5.13,214.0
5.13,214.0
5.13,212.0
5.172,208.0
5.172,204.0
5.214,201.0
5.214,196.0
5.214,192.0
5.255,185.0
5.255,184.0
5.297,179.0
5.297,172.0
5.297,154.0
5.339,141.0
5.339,139.0
5.38,134.0
5.38,133.0
5.38,129.0
5.422,121.0
5.422,119.0
5.464,109.0
5.464,107.0
5.464,103.0
5.505,97.0
5.505,95.0
5.547,85.0
5.547,82.0
5.547,76.0
5.589,66.0
5.589,63.0
5.631,58.0
5.631,51.0
5.631,42.0
5.672,32.0
5.672,28.0
5.714,24.0
5.714,21.0
5.714,18.0
5.756,14.0
5.756,13.0
5.797,6.0
5.797,1.0
5.797,-4.0
5.839,-9.0
5.839,-13.0
5.881,-19.0
5.881,-21.0
5.881,-25.0
5.923,-30.0
5.923,-32.0
5.964,-39.0
5.964,-43.0
5.964,-53.0
6.006,-59.0
6.006,-64.0
6.048,-66.0
6.048,-68.0
6.048,-68.0
6.089,-69.0
6.089,-69.0
6.089,-69.0
6.131,-69.0
6.131,-69.0
6.173,-69.0
6.173,-69.0
6.173,-69.0
6.215,-69.0
6.215,-69.0
6.256,-69.0
6.256,-69.0
6.256,-69.0
6.298,-69.0
6.298,-68.0
6.34,-64.0
6.34,-62.0
6.34,-57.0
6.381,-51.0
6.381,-46.0
6.423,-42.0
6.423,-39.0
6.423,-36.0
6.465,-32.0
6.465,-31.0
6.506,-16.0
6.506,-2.0
6.506,11.0
6.548,23.0
6.548,26.0
6.59,34.0
6.59,42.0
6.59,50.0
6.632,56.0
6.632,61.0
6.673,68.0
6.673,70.0
6.673,76.0
6.715,83.0
6.715,83.0
6.757,84.0
6.757,84.0
6.757,84.0
6.798,84.0
6.798,84.0
6.84,82.0
6.84,78.0
6.84,70.0
6.882,56.0
6.882,54.0
6.924,48.0
6.924,41.0
6.924,29.0
6.965,-21.0
6.965,-43.0
7.007,-79.0
7.007,-98.0
7.007,-110.0
7.049,-118.0
7.049,-123.0
7.09,-136.0
7.09,-139.0
7.09,-145.0
7.132,-154.0
7.132,-157.0
7.174,-168.0
7.174,-170.0
7.174,-175.0
7.216,-181.0
7.216,-182.0
7.257,-183.0
7.257,-184.0
7.257,-185.0
7.299,-186.0
7.299,-188.0
7.341,-189.0
7.341,-189.0
7.341,-189.0
7.382,-190.0
7.382,-191.0
7.424,-193.0
7.424,-197.0
7.424,-206.0
7.466,-223.0
7.466,-235.0
7.507,-257.0
7.507,-263.0
7.507,-266.0
7.549,-267.0
7.549,-267.0
7.591,-267.0
7.591,-267.0
7.591,-267.0
7.633,-270.0
7.633,-271.0
7.674,-274.0
7.674,-275.0
7.674,-279.0
7.716,-287.0
7.716,-289.0
7.758,-299.0
8.508,-299.0
8.55,-294.0
8.55,-292.0
8.592,-290.0
8.592,-290.0
8.592,-290.0
8.634,-290.0
8.634,-290.0
8.675,-290.0
8.675,-290.0
8.675,-290.0
8.717,-291.0
8.717,-291.0
8.759,-291.0
8.759,-291.0
8.759,-290.0
8.8,-289.0
8.8,-288.0
8.842,-286.0
8.842,-285.0
8.842,-285.0
8.884,-282.0
8.884,-281.0
8.926,-280.0
8.926,-280.0
8.926,-280.0
8.967,-277.0
8.967,-273.0
9.009,-272.0
9.009,-271.0
9.009,-271.0
9.051,-269.0
9.051,-269.0
9.092,-267.0
9.092,-266.0
9.092,-265.0
9.134,-263.0
9.134,-262.0
9.176,-261.0
9.176,-261.0
9.176,-261.0
9.218,-261.0
9.218,-261.0
9.259,-261.0
9.259,-261.0
9.259,-261.0
9.301,-262.0
9.301,-263.0
9.343,-263.0
9.343,-264.0
9.343,-264.0
9.384,-266.0
9.384,-266.0
9.426,-266.0
9.426,-267.0
9.426,-267.0
9.468,-267.0
9.468,-267.0
9.51,-267.0
9.51,-267.0
9.51,-267.0
9.551,-268.0
9.551,-269.0
9.593,-269.0
9.593,-270.0
9.593,-270.0
9.635,-270.0
9.635,-271.0
9.676,-271.0
9.676,-271.0
9.676,-271.0
9.718,-272.0
9.718,-272.0
9.718,-273.0
9.76,-273.0
9.76,-273.0
9.801,-273.0
9.801,-249.0
9.801,-249.0
9.801,-249.0
9.801,-249.0
9.843,-249.0
9.843,-249.0
9.843,-249.0
9.885,-249.0
9.885,-249.0
9.927,-249.0
9.927,-249.0
9.927,-249.0
9.968,-249.0
9.968,-249.0
10.01,-249.0
10.01,-249.0
10.01,-249.0
10.052,-249.0
10.052,-249.0
10.093,-249.0
10.093,-249.0
10.093,-249.0
10.135,-249.0
10.135,-249.0
10.177,-249.0
10.177,-249.0
10.177,-249.0
10.219,-249.0
10.219,-249.0
10.26,-249.0
10.26,-249.0
10.26,-249.0
10.302,-249.0
10.302,-249.0
10.344,-249.0
10.344,-249.0
10.344,-249.0
10.385,-249.0
10.385,-249.0
10.427,-249.0
10.427,-249.0
10.427,-249.0
10.469,-249.0
10.469,-249.0
10.511,-249.0
10.511,-249.0
10.511,-249.0
10.552,-249.0
10.552,-249.0
10.552,-249.0
10.594,-249.0
10.594,-249.0
10.636,-249.0
10.636,-249.0
10.636,-249.0
10.677,-249.0
10.677,-249.0
10.719,-249.0
10.719,-249.0
10.761,-249.0
10.761,-249.0
10.761,-249.0
10.802,-249.0
10.802,-249.0
10.802,-249.0
10.844,-249.0
10.844,-249.0
10.886,-249.0
10.886,-249.0
10.886,-249.0
10.928,-249.0
10.928,-249.0
10.969,-249.0
10.969,-249.0
11.011,-249.0
11.011,-249.0
11.011,-249.0
11.053,-249.0
11.053,-249.0
11.053,-249.0
11.094,-249.0
11.094,-249.0
11.136,-249.0
11.136,-249.0
11.136,-249.0
11.178,-249.0
11.178,-249.0
11.22,-249.0
11.22,-249.0
11.22,-249.0
11.261,-249.0
11.261,-249.0
11.303,-249.0
11.303,-249.0
11.303,-249.0
11.345,-249.0
11.345,-249.0
11.386,-249.0
11.386,-249.0
11.386,-249.0
11.428,-249.0
11.428,-249.0
11.47,-249.0
11.47,-249.0
11.47,-249.0
11.512,-249.0
11.512,-249.0
11.553,-249.0
11.553,-249.0
11.553,-249.0
11.595,-249.0
11.595,-249.0
11.637,-249.0
11.637,-249.0
11.637,-249.0
11.678,-249.0
11.678,-249.0
11.72,-249.0
11.72,-249.0
11.72,-249.0
11.762,-249.0
11.762,-249.0
11.803,-249.0
11.803,-249.0
11.803,-249.0
11.845,-249.0
11.845,-249.0
11.887,-249.0
11.887,-249.0
11.887,-249.0
11.929,-249.0
11.929,-249.0
11.97,-249.0
11.97,-249.0
11.97,-249.0
12.012,-249.0
12.012,-249.0
12.054,-249.0
12.054,-249.0
12.054,-249.0
12.095,-249.0
12.095,-249.0
12.137,-249.0
12.137,-249.0
12.137,-249.0
12.179,-249.0
12.179,-249.0
12.221,-249.0
12.221,-249.0
12.221,-249.0
12.262,-249.0
12.262,-249.0
12.304,-249.0
12.304,-249.0
12.304,-249.0
12.346,-249.0
12.346,-249.0
12.387,-249.0
12.387,-249.0
12.387,-249.0
12.429,-249.0
12.429,-249.0
12.471,-249.0
12.471,-249.0
12.471,-249.0
12.513,-249.0
12.513,-249.0
12.554,-249.0
12.554,-249.0
12.554,-249.0
12.596,-249.0
12.596,-249.0
12.638,-249.0
12.638,-249.0
12.638,-249.0
12.679,-249.0
12.679,-249.0
12.721,-249.0
12.721,-249.0
12.721,-249.0
12.763,-249.0
12.763,-249.0
12.804,-249.0
12.804,-249.0
12.804,-249.0
12.846,-249.0
12.846,-249.0
12.888,-249.0
12.888,-249.0
12.888,-249.0
12.93,-249.0
12.93,-249.0
12.971,-249.0
12.971,-249.0
12.971,-249.0
13.013,-249.0
13.013,-249.0
13.055,-249.0
13.055,-249.0
13.055,-249.0
13.096,-249.0
13.096,-249.0
13.138,-249.0
13.138,-249.0
13.138,-249.0
13.18,-249.0
13.18,-249.0
13.222,-249.0
13.222,-249.0
13.222,-249.0
13.263,-249.0
13.263,-249.0
13.305,-249.0
13.305,-249.0
13.305,-249.0
13.347,-249.0
13.347,-249.0
13.388,-249.0
13.388,-249.0
13.388,-249.0
13.43,-249.0
13.43,-249.0
13.472,-249.0
13.472,-249.0
13.472,-249.0
13.514,-249.0
13.514,-249.0
13.555,-249.0
13.555,-249.0
13.555,-249.0
13.597,-249.0
13.597,-249.0
13.639,-249.0
13.639,-249.0
13.639,-249.0
13.68,-249.0
13.68,-249.0
13.722,-249.0
13.722,-249.0
13.722,-249.0
13.764,-249.0
13.764,-249.0
13.805,-249.0
13.805,-249.0
13.805,-249.0
13.847,-249.0
13.847,-249.0
13.889,-249.0
13.889,-249.0
13.889,-249.0
13.931,-249.0
13.931,-249.0
13.972,-249.0
13.972,-249.0
13.972,-249.0
14.014,-249.0
14.014,-249.0
14.056,-249.0
14.056,-249.0
14.056,-249.0
14.097,-249.0
14.097,-249.0
14.139,-249.0
14.139,-249.0
14.139,-249.0
14.181,-249.0
14.181,-249.0
14.223,-249.0
14.223,-249.0
14.223,-249.0
14.264,-249.0
14.264,-249.0
14.264,-249.0
14.306,-249.0
14.306,-249.0
14.348,-249.0
14.348,-249.0
14.389,-249.0
14.389,-249.0
14.389,-249.0
14.431,-249.0
14.431,-249.0
14.473,-249.0
14.473,-249.0
14.473,-249.0
14.515,-249.0
14.515,-249.0
14.556,-249.0
14.556,-249.0
14.556,-249.0
14.598,-249.0
14.598,-249.0
14.598,-249.0
14.64,-249.0
14.64,-249.0
14.681,-249.0
14.681,-249.0
14.681,-249.0
14.723,-249.0
14.723,-249.0
14.765,-249.0
14.765,-249.0
14.765,-249.0
14.806,-249.0
14.806,-249.0
14.848,-249.0
14.848,-249.0
14.848,-249.0
14.89,-249.0
14.89,-249.0
14.932,-249.0
14.932,-249.0
14.932,-249.0
14.973,-249.0
14.973,-249.0
15.015,-249.0
15.015,-249.0
15.015,-249.0
15.057,-249.0
15.057,-249.0
15.098,-249.0
15.098,-249.0
15.098,-249.0
15.14,-249.0
15.14,-249.0
15.182,-249.0
15.182,-249.0
15.182,-249.0
15.224,-249.0
15.224,-249.0
15.265,-249.0
15.265,-249.0
15.265,-249.0
15.307,-249.0
15.307,-249.0
15.349,-249.0
15.349,-249.0
15.349,-249.0
15.39,-249.0
15.39,-249.0
15.432,-249.0
15.432,-249.0
15.432,-249.0
15.474,-249.0
15.474,-249.0
15.516,-249.0
15.516,-249.0
15.516,-249.0
15.557,-249.0
15.557,-249.0
15.599,-249.0
15.599,-249.0
15.599,-249.0
15.641,-249.0
15.641,-249.0
15.682,-249.0
15.682,-249.0
15.682,-249.0
15.724,-249.0
15.724,-249.0
15.766,-249.0
15.766,-249.0
15.766,-249.0
15.807,-249.0
15.807,-249.0
15.849,-249.0
15.849,-249.0
15.849,-249.0
15.891,-249.0
15.891,-249.0
15.933,-249.0
15.933,-249.0
15.933,-249.0
15.974,-249.0
15.974,-249.0
16.016,-249.0
16.016,-249.0
16.016,-249.0
16.058,-249.0
16.058,-249.0
16.099,-249.0
16.099,-249.0
16.099,-249.0
16.141,-249.0
16.141,-249.0
16.183,-249.0
16.183,-249.0
16.183,-249.0
16.225,-249.0
16.225,-249.0
16.266,-249.0
16.266,-249.0
16.266,-249.0
16.308,-249.0
16.308,-249.0
16.35,-249.0
16.35,-249.0
16.35,-249.0
16.391,-249.0
16.391,-249.0
16.433,-249.0
16.433,-249.0
16.433,-249.0
16.475,-249.0
16.475,-249.0
16.517,-249.0
16.517,-249.0
16.517,-249.0
16.558,-249.0
16.558,-249.0
16.6,-249.0
16.6,-249.0
16.6,-249.0
16.642,-249.0
16.642,-249.0
16.683,-249.0
16.683,-249.0
16.683,-249.0
16.725,-249.0
16.725,-249.0
16.767,-249.0
16.767,-249.0
16.767,-249.0
16.808,-249.0
16.808,-249.0
16.85,-249.0
16.85,-249.0
16.85,-249.0
16.892,-249.0
16.892,-249.0
16.934,-249.0
16.934,-249.0
16.934,-249.0
16.975,-249.0
16.975,-249.0
17.017,-249.0
17.017,-249.0
17.017,-249.0
17.059,-249.0
17.059,-249.0
17.1,-249.0
17.1,-249.0
17.1,-249.0
17.142,-249.0
17.142,-249.0
17.184,-249.0
17.184,-249.0
17.184,-249.0
17.226,-249.0
17.226,-249.0
17.267,-249.0
17.267,-249.0
17.267,-249.0
17.309,-249.0
17.309,-249.0
17.351,-249.0
17.351,-249.0
17.351,-249.0
17.392,-249.0
17.392,-249.0
17.434,-249.0
17.434,-249.0
17.434,-249.0
17.476,-249.0
17.476,-249.0
17.518,-249.0
17.518,-249.0
17.518,-249.0
17.559,-249.0
17.559,-249.0
17.601,-249.0
17.601,-249.0
17.601,-249.0
17.643,-249.0
17.643,-249.0
17.684,-249.0
17.684,-249.0
17.684,-249.0
17.726,-249.0
17.726,-249.0
17.768,-249.0
17.768,-249.0
17.768,-249.0
17.809,-249.0
17.809,-249.0
17.851,-249.0
17.851,-249.0
17.851,-249.0
17.893,-249.0
17.893,-249.0
17.935,-249.0
17.935,-249.0
17.935,-249.0
17.976,-249.0
17.976,-249.0
18.018,-249.0
18.018,-249.0
18.018,-249.0
18.06,-249.0
18.06,-249.0
18.101,-249.0
18.101,-249.0
18.101,-249.0
18.143,-249.0
18.143,-249.0
18.185,-249.0
18.185,-249.0
18.185,-249.0
18.227,-249.0
18.227,-249.0
18.268,-249.0
18.268,-249.0
18.268,-249.0
18.31,-249.0
18.31,-249.0
18.31,-249.0
18.352,-249.0
18.352,-249.0
18.393,-249.0
18.393,-249.0
18.393,-249.0
18.435,-249.0
18.435,-249.0
18.477,-249.0
18.477,-249.0
18.519,-249.0
18.519,-249.0
18.519,-249.0
18.56,-249.0
18.56,-249.0
18.56,-249.0
18.602,-249.0
18.602,-249.0
18.644,-249.0
18.644,-249.0
18.644,-249.0
18.685,-249.0
18.685,-249.0
18.727,-249.0
18.727,-249.0
18.769,-249.0
18.769,-249.0
18.769,-249.0
18.81,-249.0
18.81,-249.0
18.81,-249.0
18.852,-249.0
18.852,-249.0
18.894,-249.0
18.894,-249.0
18.894,-249.0
18.936,-249.0
18.936,-249.0
18.977,-249.0
18.977,-249.0
18.977,-249.0
19.019,-249.0
19.019,-249.0
19.061,-249.0
19.061,-249.0
19.061,-249.0
19.102,-249.0
19.102,-249.0
19.144,-249.0
19.144,-249.0
19.144,-249.0
19.186,-249.0
19.186,-249.0
19.228,-249.0
19.228,-249.0
19.228,-249.0
19.269,-249.0
19.269,-249.0
19.311,-249.0
19.311,-249.0
19.311,-249.0
19.353,-249.0
19.353,-249.0
19.394,-249.0
19.394,-249.0
19.394,-249.0
19.436,-249.0
19.436,-249.0
19.478,-249.0
19.478,-249.0
19.478,-249.0
19.52,-249.0
19.52,-249.0
19.561,-249.0
19.561,-249.0
19.561,-249.0
19.603,-249.0
19.603,-249.0
19.645,-249.0
19.645,-249.0
19.645,-249.0
19.686,-249.0
19.686,-249.0
19.728,-249.0
19.728,-249.0
19.728,-249.0
19.77,-249.0
19.77,-249.0
19.811,-249.0
19.811,-249.0
19.811,-249.0
19.853,-249.0
19.853,-249.0
19.895,-249.0
19.895,-249.0
19.895,-249.0
19.937,-249.0
19.937,-249.0
19.978,-249.0
19.978,-249.0
19.978,-249.0
20.02,-249.0
20.02,-249.0
20.062,-249.0
20.062,-249.0
20.062,-249.0
20.103,-249.0
20.103,-249.0
20.145,-249.0
20.145,-249.0
20.145,-249.0
20.187,-249.0
20.187,-249.0
20.229,-249.0
20.229,-249.0
20.229,-249.0
20.27,-249.0
20.27,-249.0
20.312,-249.0
20.312,-249.0
20.312,-249.0
20.354,-249.0
20.354,-249.0
20.395,-249.0
20.395,-249.0
20.395,-249.0
20.437,-249.0
20.437,-249.0
20.479,-249.0
20.479,-249.0
20.479,-249.0
20.521,-249.0
20.521,-249.0
20.562,-249.0
20.562,-249.0
20.562,-249.0
20.604,-249.0
20.604,-249.0
20.646,-249.0
20.646,-249.0
20.646,-249.0
20.687,-249.0
20.687,-249.0
20.729,-249.0
20.729,-249.0
20.729,-249.0
20.771,-249.0
20.771,-249.0
20.812,-249.0
20.812,-249.0
20.812,-249.0
20.854,-249.0
20.854,-249.0
20.896,-249.0
20.896,-249.0
20.896,-249.0
20.938,-249.0
20.938,-249.0
20.979,-249.0
20.979,-249.0
20.979,-249.0
21.021,-249.0
21.021,-249.0
21.063,-249.0
21.063,-249.0
21.063,-249.0
21.104,-249.0
21.104,-249.0
21.146,-249.0
21.146,-249.0
21.146,-249.0
21.188,-249.0
21.188,-249.0
21.23,-249.0
21.23,-249.0
21.23,-249.0
21.271,-249.0
21.271,-249.0
21.313,-249.0
21.313,-249.0
21.313,-249.0
21.355,-249.0
21.355,-249.0
21.396,-249.0
21.396,-249.0
21.396,-249.0
21.438,-249.0
21.438,-249.0
21.48,-249.0
21.48,-249.0
21.48,-249.0
21.522,-249.0
21.522,-249.0
21.563,-249.0
21.563,-249.0
21.563,-249.0
21.605,-249.0
21.605,-249.0
21.647,-249.0
21.647,-249.0
21.647,-249.0
21.688,-249.0
21.688,-249.0
21.73,-249.0
21.73,-249.0
21.73,-249.0
21.772,-249.0
21.772,-249.0
21.813,-249.0
21.813,-249.0
21.813,-249.0
21.855,-249.0
21.855,-249.0
21.897,-249.0
21.897,-249.0
21.897,-249.0
21.939,-249.0
21.939,-249.0
21.98,-249.0
21.98,-249.0
21.98,-249.0
22.022,-249.0
22.022,-249.0
22.022,-249.0
22.064,-249.0
22.064,-249.0
22.105,-249.0
22.105,-249.0
22.147,-249.0
22.147,-249.0
22.147,-249.0
22.189,-249.0
22.189,-249.0
22.189,-249.0
22.231,-249.0
22.231,-249.0
22.272,-249.0
22.272,-249.0
22.272,-249.0
22.314,-249.0
22.314,-249.0
22.356,-249.0
22.356,-249.0
22.356,-249.0
22.397,-249.0
22.397,-249.0
22.439,-249.0
22.439,-249.0
22.439,-249.0
22.481,-249.0
22.481,-249.0
22.522,-249.0
22.522,-249.0
22.522,-249.0
22.564,-249.0
22.564,-249.0
22.606,-249.0
22.606,-249.0
22.606,-249.0
22.648,-249.0
22.648,-249.0
22.689,-249.0
22.689,-249.0
22.689,-249.0
22.731,-249.0
22.731,-249.0
22.773,-249.0
22.773,-249.0
22.773,-249.0
22.814,-249.0
22.814,-249.0
22.856,-249.0
22.856,-249.0
22.856,-249.0
22.898,-249.0
22.898,-249.0
22.94,-249.0
22.94,-249.0
22.94,-249.0
22.981,-249.0
22.981,-249.0
23.023,-249.0
23.023,-249.0
23.023,-249.0
23.065,-249.0
23.065,-249.0
23.106,-249.0
23.106,-249.0
23.106,-249.0
23.148,-249.0
23.148,-249.0
23.19,-249.0
23.19,-249.0
23.19,-249.0
23.232,-249.0
23.232,-249.0
23.273,-249.0
23.273,-249.0
23.273,-249.0
23.315,-249.0
23.315,-249.0
23.357,-249.0
23.357,-249.0
23.357,-249.0
23.398,-249.0
23.398,-249.0
23.44,-249.0
23.44,-249.0
23.44,-249.0
23.482,-249.0
23.482,-249.0
23.523,-249.0
23.523,-249.0
23.523,-249.0
23.565,-249.0
23.565,-249.0
23.607,-249.0
23.607,-249.0
23.607,-249.0
23.649,-249.0
23.649,-249.0
23.69,-249.0
23.69,-249.0
23.69,-249.0
23.732,-249.0
23.732,-249.0
23.774,-249.0
23.774,-249.0
23.774,-249.0
23.815,-249.0
23.815,-249.0
23.857,-249.0
23.857,-249.0
23.857,-249.0
23.899,-249.0
23.899,-249.0
23.941,-249.0
23.941,-249.0
23.941,-249.0
23.982,-249.0
23.982,-249.0
24.024,-249.0
24.024,-249.0
24.024,-249.0
24.066,-249.0
24.066,-249.0
24.107,-249.0
24.107,-249.0
24.107,-249.0
24.149,-249.0
24.149,-249.0
24.191,-249.0
24.191,-249.0
24.191,-249.0
24.233,-249.0
24.233,-249.0
24.274,-249.0
24.274,-249.0
24.274,-249.0
24.316,-249.0
24.316,-249.0
24.358,-249.0
24.358,-249.0
24.358,-249.0
24.399,-249.0
24.399,-249.0
24.441,-249.0
24.441,-249.0
24.441,-249.0
24.483,-249.0
24.483,-249.0
24.524,-249.0
24.524,-249.0
24.524,-249.0
24.566,-249.0
24.566,-249.0
24.608,-249.0
24.608,-249.0
24.608,-249.0
24.65,-249.0
24.65,-249.0
24.691,-249.0
24.691,-249.0
24.691,-249.0
24.733,-249.0
24.733,-249.0
24.775,-249.0
24.775,-249.0
24.775,-249.0
24.816,-249.0
24.816,-249.0
24.858,-249.0
24.858,-249.0
24.858,-249.0
24.9,-249.0
24.9,-249.0
24.942,-249.0
24.942,-249.0
24.942,-249.0
24.983,-249.0
24.983,-249.0
25.025,-249.0
25.025,-249.0
25.025,-249.0
25.067,-249.0
25.067,-249.0
25.108,-249.0
25.108,-249.0
25.108,-249.0
25.15,-249.0
25.15,-249.0
25.192,-249.0
25.192,-249.0
25.192,-249.0
25.234,-249.0
25.234,-249.0
25.275,-249.0
25.275,-249.0
25.275,-249.0
25.317,-249.0
25.317,-249.0
25.359,-249.0
25.359,-249.0
25.359,-249.0
25.4,-249.0
25.4,-249.0
25.442,-249.0
25.442,-249.0
25.442,-249.0
25.484,-249.0
25.484,-249.0
25.525,-249.0
25.525,-249.0
25.525,-249.0
25.567,-249.0
25.567,-249.0
25.609,-249.0
25.609,-249.0
25.609,-249.0
25.651,-249.0
25.651,-249.0
25.692,-249.0
25.692,-249.0
25.692,-249.0
25.734,-249.0
25.734,-249.0
25.776,-249.0
25.776,-249.0
25.776,-249.0
25.817,-249.0
25.817,-249.0
25.859,-249.0
25.859,-249.0
25.859,-249.0
25.901,-249.0
25.901,-249.0
25.901,-249.0
25.943,-249.0
25.943,-249.0
25.984,-249.0
25.984,-249.0
25.984,-249.0
26.026,-249.0
26.026,-249.0
26.068,-249.0
26.068,-249.0
26.109,-249.0
26.109,-249.0
26.109,-249.0
26.151,-249.0
26.151,-249.0
26.151,-249.0
26.193,-249.0
26.193,-249.0
26.235,-249.0
26.235,-249.0
26.276,-249.0
26.276,-249.0
26.276,-249.0
26.318,-249.0
26.318,-249.0
26.318,-249.0
26.36,-249.0
26.401,-249.0
26.401,-249.0
26.401,-249.0
26.443,-249.0
26.443,-249.0
26.443,-249.0
26.485,-249.0
26.485,-249.0
26.485,-249.0
26.526,-249.0
26.526,-249.0
26.568,-249.0
26.568,-249.0
26.568,-249.0
26.61,-249.0
26.61,-249.0
26.652,-249.0
26.652,-249.0
26.652,-249.0
26.693,-249.0
26.693,-249.0
26.735,-249.0
26.735,-249.0
26.735,-249.0
26.777,-249.0
26.777,-249.0
26.818,-249.0
26.818,-249.0
26.818,-249.0
26.86,-249.0
26.86,-249.0
26.902,-249.0
26.902,-249.0
26.902,-249.0
26.944,-249.0
26.944,-249.0
26.985,-249.0
26.985,-249.0
26.985,-249.0
27.027,-249.0
27.027,-249.0
27.069,-249.0
27.069,-249.0
27.069,-249.0
27.11,-249.0
27.11,-249.0
27.152,-249.0
27.152,-249.0
27.152,-249.0
27.194,-249.0
27.194,-249.0
27.236,-249.0
27.236,-249.0
27.236,-249.0
27.277,-249.0
27.277,-249.0
27.319,-249.0
27.319,-249.0
27.319,-249.0
27.361,-249.0
27.361,-249.0
27.402,-249.0
27.402,-249.0
27.402,-249.0
27.444,-249.0
27.444,-249.0
27.486,-249.0
27.486,-249.0
27.486,-249.0
27.527,-249.0
27.527,-249.0
27.569,-249.0
27.569,-249.0
27.569,-249.0
27.611,-249.0
27.611,-249.0
27.653,-249.0
27.653,-249.0
27.653,-249.0
27.694,-249.0
27.694,-249.0
27.736,-249.0
27.736,-249.0
27.736,-249.0
27.778,-249.0
27.778,-249.0
27.819,-249.0
27.819,-249.0
27.819,-249.0
27.861,-249.0
27.861,-249.0
27.903,-249.0
27.903,-249.0
27.903,-249.0
27.945,-249.0
27.945,-249.0
27.986,-249.0
27.986,-249.0
27.986,-249.0
28.028,-249.0
28.028,-249.0
28.07,-249.0
28.07,-249.0
28.07,-249.0
28.111,-249.0
28.111,-249.0
28.153,-249.0
28.153,-249.0
28.153,-249.0
28.195,-249.0
28.195,-249.0
28.237,-249.0
28.237,-249.0
28.237,-249.0
28.278,-249.0
28.278,-249.0
28.32,-249.0
28.32,-249.0
28.32,-249.0
28.362,-249.0
28.362,-249.0
28.403,-249.0
28.403,-249.0
28.403,-249.0
28.445,-249.0
28.445,-249.0
28.487,-249.0
28.487,-249.0
28.487,-249.0
28.528,-249.0
28.528,-249.0
28.57,-249.0
28.57,-249.0
28.57,-249.0
28.612,-249.0
28.612,-249.0
28.654,-249.0
28.654,-249.0
28.654,-249.0
28.695,-249.0
28.695,-249.0
28.737,-249.0
28.737,-249.0
28.737,-249.0
28.779,-249.0
28.779,-249.0
28.82,-249.0
28.82,-249.0
28.82,-249.0
28.862,-249.0
28.862,-249.0
28.904,-249.0
28.904,-249.0
28.904,-249.0
28.946,-249.0
28.946,-249.0
28.987,-249.0
28.987,-249.0
28.987,-249.0
29.029,-249.0
29.029,-249.0
29.071,-249.0
29.071,-249.0
29.071,-249.0
29.112,-249.0
29.112,-249.0
29.154,-249.0
29.154,-249.0
29.154,-249.0
29.196,-249.0
29.196,-249.0
29.238,-249.0
29.238,-249.0
29.238,-249.0
29.279,-249.0
29.279,-249.0
29.321,-249.0
29.321,-249.0
29.321,-249.0
29.363,-249.0
29.363,-249.0
29.404,-249.0
29.404,-249.0
29.404,-249.0
29.446,-249.0
29.446,-249.0
29.488,-249.0
29.488,-249.0
29.488,-249.0
29.529,-249.0
29.529,-249.0
29.571,-249.0
29.571,-249.0
29.571,-249.0
29.613,-249.0
29.613,-249.0
29.655,-249.0
29.655,-249.0
29.655,-249.0
29.696,-249.0
29.696,-249.0
29.738,-249.0
29.738,-249.0
29.738,-249.0
29.78,-249.0
29.78,-249.0
29.78,-249.0
29.821,-249.0
29.821,-249.0
29.863,-249.0
29.863,-249.0
29.863,-249.0
29.905,-249.0
29.947,-249.0
29.947,-249.0
29.947,-249.0
29.988,-249.0
29.988,-249.0
29.988,-249.0
30.03,-249.0
30.03,-249.0
30.03,-249.0
30.072,-249.0
30.072,-249.0
30.113,-249.0
30.113,-249.0
30.113,-249.0
30.155,-249.0
30.155,-249.0
30.197,-249.0
30.197,-249.0
30.197,-249.0
30.239,-249.0
30.239,-249.0
30.28,-249.0
30.28,-249.0
30.28,-249.0
30.322,-249.0
30.322,-249.0
30.364,-249.0
30.364,-249.0
30.364,-249.0
30.405,-249.0
30.405,-249.0
30.447,-249.0
30.447,-249.0
30.447,-249.0
30.489,-249.0
30.489,-249.0
30.53,-249.0
30.53,-249.0
30.53,-249.0
30.572,-249.0
30.572,-249.0
30.614,-249.0
30.614,-249.0
30.614,-249.0
30.656,-249.0
30.656,-249.0
30.697,-249.0
30.697,-249.0
30.697,-249.0
30.739,-249.0
30.739,-249.0
30.781,-249.0
30.781,-249.0
30.781,-249.0
30.822,-249.0
30.822,-249.0
30.864,-249.0
30.864,-249.0
30.864,-249.0
30.906,-249.0
30.906,-249.0
30.948,-249.0
30.948,-249.0
30.948,-249.0
30.989,-249.0
30.989,-249.0
31.031,-249.0
31.031,-249.0
31.031,-249.0
31.073,-249.0
31.073,-249.0
31.114,-249.0
31.114,-249.0
31.114,-249.0
31.156,-249.0
31.156,-249.0
31.198,-249.0
31.198,-249.0
31.198,-249.0
31.24,-249.0
31.24,-249.0
31.281,-249.0
31.281,-249.0
31.281,-249.0
31.323,-249.0
31.323,-249.0
31.365,-249.0
31.365,-249.0
31.365,-249.0
31.406,-249.0
31.406,-249.0
31.448,-249.0
31.448,-249.0
31.448,-249.0
31.49,-249.0
31.49,-249.0
31.531,-249.0
31.531,-249.0
31.531,-249.0
31.573,-249.0
31.573,-249.0
31.615,-249.0
31.615,-249.0
31.615,-249.0
31.657,-249.0
31.657,-249.0
31.698,-249.0
31.698,-249.0
31.698,-249.0
31.74,-249.0
31.74,-249.0
31.782,-249.0
31.782,-249.0
31.782,-249.0
31.823,-249.0
31.823,-249.0
31.865,-249.0
31.865,-249.0
31.865,-249.0
31.907,-249.0
31.907,-249.0
31.949,-249.0
31.949,-249.0
31.949,-249.0
31.99,-249.0
31.99,-249.0
32.032,-249.0
32.032,-249.0
32.032,-249.0
32.074,-249.0
32.074,-249.0
32.115,-249.0
32.115,-249.0
32.115,-249.0
32.157,-249.0
32.157,-249.0
32.199,-249.0
32.199,-249.0
32.199,-249.0
32.241,-249.0
32.241,-249.0
32.282,-249.0
32.282,-249.0
32.282,-249.0
32.324,-249.0
32.324,-249.0
32.366,-249.0
32.366,-249.0
32.366,-249.0
32.407,-249.0
32.407,-249.0
32.449,-249.0
32.449,-249.0
32.449,-249.0
32.491,-249.0
32.491,-249.0
32.532,-249.0
32.532,-249.0
32.532,-249.0
32.574,-249.0
32.574,-249.0
32.616,-249.0
32.616,-249.0
32.616,-249.0
32.658,-249.0
32.658,-249.0
32.699,-249.0
32.699,-249.0
32.699,-249.0
32.741,-249.0
32.741,-249.0
32.783,-249.0
32.783,-249.0
32.783,-249.0
32.824,-249.0
32.824,-249.0
32.866,-249.0
32.866,-249.0
32.866,-249.0
32.908,-249.0
32.908,-249.0
32.95,-249.0
32.95,-249.0
32.95,-249.0
32.991,-249.0
32.991,-249.0
33.033,-249.0
33.033,-249.0
33.033,-249.0
33.075,-249.0
33.075,-249.0
33.116,-249.0
33.116,-249.0
33.116,-249.0
33.158,-249.0
33.158,-249.0
33.2,-249.0
33.2,-249.0
33.2,-249.0
33.242,-249.0
33.242,-249.0
33.283,-249.0
33.283,-249.0
33.283,-249.0
33.325,-249.0
33.325,-249.0
33.367,-249.0
33.367,-249.0
33.367,-249.0
33.408,-249.0
33.408,-249.0
33.45,-249.0
33.45,-249.0
33.45,-249.0
33.492,-249.0
33.492,-249.0
33.492,-249.0
33.533,-249.0
33.533,-249.0
33.575,-249.0
33.575,-249.0
33.575,-249.0
33.617,-249.0
33.617,-249.0
33.659,-249.0
33.659,-249.0
33.659,-249.0
33.7,-249.0
33.7,-249.0
33.742,-249.0
33.742,-249.0
33.742,-249.0
33.784,-249.0
33.784,-249.0
33.825,-249.0
33.825,-249.0
33.825,-249.0
33.867,-249.0
33.867,-249.0
33.909,-249.0
33.909,-249.0
33.951,-249.0
33.951,-249.0
33.951,-249.0
33.992,-249.0
33.992,-249.0
33.992,-249.0
34.034,-249.0
34.034,-249.0
34.076,-249.0
34.076,-249.0
34.076,-249.0
34.117,-249.0
34.117,-249.0
34.159,-249.0
34.159,-249.0
34.159,-249.0
34.201,-249.0
34.201,-249.0
34.243,-249.0
34.243,-249.0
34.243,-249.0
34.284,-249.0
34.284,-249.0
34.326,-249.0
34.326,-249.0
34.326,-249.0
34.368,-249.0
34.368,-249.0
34.409,-249.0
34.409,-249.0
34.409,-249.0
34.451,-249.0
34.451,-249.0
34.493,-249.0
34.493,-249.0
34.493,-249.0
34.534,-249.0
34.534,-249.0
34.576,-249.0
34.576,-249.0
34.576,-249.0
34.618,-249.0
34.618,-249.0
34.66,-249.0
34.66,-249.0
34.66,-249.0
34.701,-249.0
34.701,-249.0
34.743,-249.0
34.743,-249.0
34.743,-249.0
34.785,-249.0
34.785,-249.0
34.826,-249.0
34.826,-249.0
34.826,-249.0
34.868,-249.0
34.868,-249.0
34.91,-249.0
34.91,-249.0
34.91,-249.0
34.952,-249.0
34.952,-249.0
34.993,-249.0
34.993,-249.0
34.993,-249.0
35.035,-249.0
35.035,-249.0
35.077,-249.0
35.077,-249.0
35.077,-249.0
35.118,-249.0
35.118,-249.0
35.16,-249.0
35.16,-249.0
35.16,-249.0
35.202,-249.0
35.202,-249.0
35.244,-249.0
35.244,-249.0
35.244,-249.0
35.285,-249.0
35.285,-249.0
35.327,-249.0
35.327,-249.0
35.327,-249.0
35.369,-249.0
35.369,-249.0
35.41,-249.0
35.41,-249.0
35.41,-249.0
35.452,-249.0
35.452,-249.0
35.494,-249.0
35.494,-249.0
35.494,-249.0
35.535,-249.0
35.535,-249.0
35.577,-249.0
35.577,-249.0
35.577,-249.0
35.619,-249.0
35.619,-249.0
35.661,-249.0
35.661,-249.0
35.661,-249.0
35.702,-249.0
35.702,-249.0
35.744,-249.0
35.744,-249.0
35.744,-249.0
35.786,-249.0
35.786,-249.0
35.827,-249.0
35.827,-249.0
35.827,-249.0
35.869,-249.0
35.869,-249.0
35.911,-249.0
35.911,-249.0
35.911,-249.0
35.953,-249.0
35.953,-249.0
35.994,-249.0
35.994,-249.0
35.994,-249.0
36.036,-249.0
36.036,-249.0
36.078,-249.0
36.078,-249.0
36.078,-249.0
36.119,-249.0
36.119,-249.0
36.161,-249.0
36.161,-249.0
36.161,-249.0
36.203,-249.0
36.203,-249.0
36.245,-249.0
36.245,-249.0
36.245,-249.0
36.286,-249.0
36.286,-249.0
36.328,-249.0
36.328,-249.0
36.328,-249.0
36.37,-249.0
36.37,-249.0
36.411,-249.0
36.411,-249.0
36.411,-249.0
36.453,-249.0
36.453,-249.0
36.495,-249.0
36.495,-249.0
36.495,-249.0
36.536,-249.0
36.536,-249.0
36.578,-249.0
36.578,-249.0
36.578,-249.0
36.62,-249.0
36.62,-249.0
36.662,-249.0
36.662,-249.0
36.662,-249.0
36.703,-249.0
36.703,-249.0
36.745,-249.0
36.745,-249.0
36.745,-249.0
36.787,-249.0
36.787,-249.0
36.828,-249.0
36.828,-249.0
36.828,-249.0
36.87,-249.0
36.87,-249.0
36.912,-249.0
36.912,-249.0
36.912,-249.0
36.954,-249.0
36.954,-249.0
36.995,-249.0
36.995,-249.0
36.995,-249.0
37.037,-249.0
37.037,-249.0
37.079,-249.0
37.079,-249.0
37.079,-249.0
37.12,-249.0
37.12,-249.0
37.162,-249.0
37.162,-249.0
37.162,-249.0
37.204,-249.0
37.204,-249.0
37.246,-249.0
37.246,-249.0
37.246,-249.0
37.287,-249.0
37.287,-249.0
37.329,-249.0
37.329,-249.0
37.329,-249.0
37.371,-249.0
37.371,-249.0
37.371,-249.0
37.412,-249.0
37.412,-249.0
37.454,-249.0
37.454,-249.0
37.496,-249.0
37.496,-249.0
37.496,-249.0
37.537,-249.0
37.537,-249.0
37.537,-249.0
37.579,-249.0
37.579,-249.0
37.621,-249.0
37.621,-249.0
37.663,-249.0
37.663,-249.0
37.663,-249.0
37.704,-249.0
37.704,-249.0
37.704,-249.0
37.746,-249.0
37.746,-249.0
37.788,-249.0
37.788,-249.0
37.788,-249.0
37.829,-249.0
37.829,-249.0
37.871,-249.0
37.871,-249.0
37.871,-249.0
37.913,-249.0
37.913,-249.0
37.955,-249.0
37.955,-249.0
37.955,-249.0
37.996,-249.0
37.996,-249.0
38.038,-249.0
38.038,-249.0
38.08,-249.0
38.08,-249.0
38.08,-249.0
38.121,-249.0
38.121,-249.0
38.121,-249.0
38.163,-249.0
38.163,-249.0
38.205,-249.0
38.205,-249.0
38.205,-249.0
38.247,-249.0
38.247,-249.0
38.288,-249.0
38.288,-249.0
38.288,-249.0
38.33,-249.0
38.33,-249.0
38.372,-249.0
38.372,-249.0
38.372,-249.0
38.413,-249.0
38.413,-249.0
38.455,-249.0
38.455,-249.0
38.455,-249.0
38.497,-249.0
38.497,-249.0
38.538,-249.0
38.538,-249.0
38.538,-249.0
38.58,-249.0
38.58,-249.0
38.622,-249.0
38.622,-249.0
38.622,-249.0
38.664,-249.0
38.664,-249.0
38.705,-249.0
38.705,-249.0
38.705,-249.0
38.747,-249.0
38.747,-249.0
38.789,-249.0
38.789,-249.0
38.789,-249.0
38.83,-249.0
38.83,-249.0
38.872,-249.0
38.872,-249.0
38.872,-249.0
38.914,-249.0
38.914,-249.0
38.956,-249.0
38.956,-249.0
38.956,-249.0
38.997,-249.0
38.997,-249.0
39.039,-249.0
39.039,-249.0
39.039,-249.0
39.081,-249.0
39.081,-249.0
39.122,-249.0
39.122,-249.0
39.122,-249.0
39.164,-249.0
39.164,-249.0
39.206,-249.0
39.206,-249.0
39.206,-249.0
39.248,-249.0
39.248,-249.0
39.289,-249.0
39.289,-249.0
39.289,-249.0
39.331,-249.0
39.331,-249.0
39.373,-249.0
39.373,-249.0
39.373,-249.0
39.414,-249.0
39.414,-249.0
39.456,-249.0
39.456,-249.0
39.456,-249.0
39.498,-249.0
39.498,-249.0
39.539,-249.0
39.539,-249.0
39.539,-249.0
39.581,-249.0
39.581,-249.0
39.623,-249.0
39.623,-249.0
39.623,-249.0
39.665,-249.0
39.665,-249.0
39.706,-249.0
39.706,-249.0
39.706,-249.0
39.748,-249.0
39.748,-249.0
39.79,-249.0
39.79,-249.0
39.79,-249.0
39.831,-249.0
39.831,-249.0
39.873,-249.0
39.873,-249.0
39.873,-249.0
39.915,-249.0
39.915,-249.0
39.957,-249.0
39.957,-249.0
39.957,-249.0
39.998,-249.0
39.998,-249.0
40.04,-249.0
40.04,-249.0
40.04,-249.0
40.082,-249.0
40.082,-249.0
40.123,-249.0
40.123,-249.0
40.123,-249.0
40.165,-249.0
40.165,-249.0
40.207,-249.0
40.207,-249.0
40.207,-249.0
40.249,-249.0
40.249,-249.0
40.29,-249.0
40.29,-249.0
40.29,-249.0
40.332,-249.0
40.332,-249.0
40.374,-249.0
40.374,-249.0
40.374,-249.0
40.415,-249.0
40.415,-249.0
40.457,-249.0
40.457,-249.0
40.457,-249.0
40.499,-249.0
40.499,-249.0
40.54,-249.0
40.54,-249.0
40.54,-249.0
40.582,-249.0
40.582,-249.0
40.624,-249.0
40.624,-249.0
40.624,-249.0
40.666,-249.0
40.666,-249.0
40.707,-249.0
40.707,-249.0
40.707,-249.0
40.749,-249.0
40.749,-249.0
40.791,-249.0
40.791,-249.0
40.791,-249.0
40.832,-249.0
40.832,-249.0
40.874,-249.0
40.874,-249.0
40.874,-249.0
40.916,-249.0
40.916,-249.0
40.958,-249.0
40.958,-249.0
40.958,-249.0
40.999,-249.0
40.999,-249.0
41.041,-249.0
41.041,-249.0
41.041,-249.0
41.083,-249.0
41.083,-249.0
41.083,-249.0
41.124,-249.0
41.124,-249.0
41.166,-249.0
41.166,-249.0
41.208,-249.0
41.208,-249.0
41.208,-249.0
41.25,-249.0
41.25,-249.0
41.25,-249.0
41.291,-249.0
41.291,-249.0
41.333,-249.0
41.333,-249.0
41.333,-249.0
41.375,-249.0
41.375,-249.0
41.416,-249.0
41.416,-249.0
41.416,-249.0
41.458,-249.0
41.5,-249.0
41.5,-249.0
41.5,-249.0
41.541,-249.0
41.541,-249.0
41.541,-249.0
41.583,-249.0
41.625,-249.0
41.625,-249.0
41.667,-249.0
41.667,-249.0
41.667,-249.0
41.708,-249.0
41.75,-249.0
41.75,-249.0
41.75,-249.0
41.792,-249.0
41.792,-249.0
41.833,-249.0
41.833,-249.0
41.875,-249.0
41.875,-249.0
41.875,-249.0
41.917,-249.0
41.917,-249.0
41.917,-249.0
41.959,-249.0
41.959,-249.0
42.0,-249.0
42.0,-249.0
42.0,-249.0
42.042,-249.0
42.042,-249.0
42.084,-249.0
42.084,-249.0
42.084,-249.0
42.125,-249.0
42.125,-249.0
42.167,-249.0
42.167,-249.0
42.167,-249.0
42.209,-249.0
42.209,-249.0
42.251,-249.0
42.251,-249.0
42.251,-249.0
42.292,-249.0
42.292,-249.0
42.334,-249.0
42.334,-249.0
42.334,-249.0
42.376,-249.0
42.376,-249.0
42.417,-249.0
42.417,-249.0
42.417,-249.0
42.459,-249.0
42.459,-249.0
42.501,-249.0
42.501,-249.0
42.501,-249.0
42.542,-249.0
42.542,-249.0
42.584,-249.0
42.584,-249.0
42.584,-249.0
42.626,-249.0
42.626,-249.0
42.668,-249.0
42.668,-249.0
42.668,-249.0
42.709,-249.0
42.709,-249.0
42.751,-249.0
42.751,-249.0
42.751,-249.0
42.793,-249.0
42.793,-249.0
42.834,-249.0
42.834,-249.0
42.834,-249.0
42.876,-249.0
42.876,-249.0
42.918,-249.0
42.918,-249.0
42.918,-249.0
42.96,-249.0
42.96,-249.0
43.001,-249.0
43.001,-249.0
43.001,-249.0
43.043,-249.0
43.043,-249.0
43.085,-249.0
43.085,-249.0
43.085,-249.0
43.126,-249.0
43.126,-249.0
43.168,-249.0
43.168,-249.0
43.168,-249.0
43.21,-249.0
43.21,-249.0
43.252,-249.0
43.252,-249.0
43.252,-249.0
43.293,-249.0
43.293,-249.0
43.335,-249.0
43.335,-249.0
43.335,-249.0
43.377,-249.0
43.377,-249.0
43.418,-249.0
43.418,-249.0
43.418,-249.0
43.46,-249.0
43.46,-249.0
43.502,-249.0
43.502,-249.0
43.502,-249.0
43.543,-249.0
43.543,-249.0
43.585,-249.0
43.585,-249.0
43.585,-249.0
43.627,-249.0
43.627,-249.0
43.669,-249.0
43.669,-249.0
43.669,-249.0
43.71,-249.0
43.71,-249.0
43.752,-249.0
43.752,-249.0
43.752,-249.0
43.794,-249.0
43.794,-249.0
43.835,-249.0
43.835,-249.0
43.835,-249.0
43.877,-249.0
43.877,-249.0
43.919,-249.0
43.919,-249.0
43.919,-249.0
43.961,-249.0
43.961,-249.0
44.002,-249.0
44.002,-249.0
44.002,-249.0
44.044,-249.0
44.044,-249.0
44.086,-249.0
44.086,-249.0
44.086,-249.0
44.127,-249.0
44.127,-249.0
44.169,-249.0
44.169,-249.0
44.169,-249.0
44.211,-249.0
44.211,-249.0
44.253,-249.0
44.253,-249.0
44.253,-249.0
44.294,-249.0
44.294,-249.0
44.336,-249.0
44.336,-249.0
44.336,-249.0
44.378,-249.0
44.378,-249.0
44.419,-249.0
44.419,-249.0
44.419,-249.0
44.461,-249.0
44.461,-249.0
44.503,-249.0
44.503,-249.0
44.503,-249.0
44.544,-249.0
44.544,-249.0
44.586,-249.0
44.586,-249.0
44.586,-249.0
44.628,-249.0
44.628,-249.0
44.67,-249.0
44.67,-249.0
44.67,-249.0
44.711,-249.0
44.711,-249.0
44.753,-249.0
44.753,-249.0
44.753,-249.0
44.795,-249.0
44.795,-249.0
44.836,-249.0
44.836,-249.0
44.836,-249.0
44.878,-249.0
44.878,-249.0
44.92,-249.0
44.92,-249.0
44.92,-249.0
44.962,-249.0
44.962,-249.0
44.962,-249.0
45.003,-249.0
45.003,-249.0
45.045,-249.0
45.045,-249.0
45.087,-249.0
45.087,-249.0
45.087,-249.0
45.128,-249.0
45.128,-249.0
45.128,-249.0
45.17,-249.0
45.212,-249.0
45.212,-249.0
45.212,-249.0
45.254,-249.0
45.254,-249.0
45.254,-249.0
45.295,-249.0
45.295,-249.0
45.295,-249.0
45.337,-249.0
45.337,-249.0
45.379,-249.0
45.379,-249.0
45.379,-249.0
45.42,-249.0
45.42,-249.0
45.462,-249.0
45.462,-249.0
45.462,-249.0
45.504,-249.0
45.504,-249.0
45.545,-249.0
45.545,-249.0
45.545,-249.0
45.587,-249.0
45.587,-249.0
45.629,-249.0
45.629,-249.0
45.629,-249.0
45.671,-249.0
45.671,-249.0
45.712,-249.0
45.712,-249.0
45.712,-249.0
45.754,-249.0
45.754,-249.0
45.796,-249.0
45.796,-249.0
45.796,-249.0
45.837,-249.0
45.837,-249.0
45.879,-249.0
45.879,-249.0
45.879,-249.0
45.921,-249.0
45.921,-249.0
45.963,-249.0
45.963,-249.0
45.963,-249.0
46.004,-249.0
46.004,-249.0
46.046,-249.0
46.046,-249.0
46.046,-249.0
46.088,-249.0
46.088,-249.0
46.129,-249.0
46.129,-249.0
46.129,-249.0
46.171,-249.0
46.171,-249.0
46.213,-249.0
46.213,-249.0
46.213,-249.0
46.255,-249.0
46.255,-249.0
46.296,-249.0
46.296,-249.0
46.296,-249.0
46.338,-249.0
46.338,-249.0
46.38,-249.0
46.38,-249.0
46.38,-249.0
46.421,-249.0
46.421,-249.0
46.463,-249.0
46.463,-249.0
46.463,-249.0
46.505,-249.0
46.505,-249.0
46.546,-249.0
46.546,-249.0
46.546,-249.0
46.588,-249.0
46.588,-249.0
46.63,-249.0
46.63,-249.0
46.63,-249.0
46.672,-249.0
46.672,-249.0
46.713,-249.0
46.713,-249.0
46.713,-249.0
46.755,-249.0
46.755,-249.0
46.797,-249.0
46.797,-249.0
46.797,-249.0
46.838,-249.0
46.838,-249.0
46.88,-249.0
46.88,-249.0
46.88,-249.0
46.922,-249.0
46.922,-249.0
46.964,-249.0
46.964,-249.0
46.964,-249.0
47.005,-249.0
47.005,-249.0
47.047,-249.0
47.047,-249.0
47.047,-249.0
47.089,-249.0
47.089,-249.0
47.13,-249.0
47.13,-249.0
47.13,-249.0
47.172,-249.0
47.172,-249.0
47.214,-249.0
47.214,-249.0
47.214,-249.0
47.256,-249.0
47.256,-249.0
47.297,-249.0
47.297,-249.0
47.297,-249.0
47.339,-249.0
47.339,-249.0
47.381,-249.0
47.381,-249.0
47.381,-249.0
47.422,-249.0
47.422,-249.0
47.464,-249.0
47.464,-249.0
47.464,-249.0
47.506,-249.0
47.506,-249.0
47.547,-249.0
47.547,-249.0
47.547,-249.0
47.589,-249.0
47.589,-249.0
47.631,-249.0
47.631,-249.0
47.631,-249.0
47.673,-249.0
47.673,-249.0
47.714,-249.0
47.714,-249.0
47.714,-249.0
47.756,-249.0
47.756,-249.0
47.798,-249.0
47.798,-249.0
47.798,-249.0
47.839,-249.0
47.839,-249.0
47.881,-249.0
47.881,-249.0
47.881,-249.0
47.923,-249.0
47.923,-249.0
47.965,-249.0
47.965,-249.0
47.965,-249.0
48.006,-249.0
48.006,-249.0
48.048,-249.0
48.048,-249.0
48.048,-249.0
48.09,-249.0
48.09,-249.0
48.131,-249.0
48.131,-249.0
48.131,-249.0
48.173,-249.0
48.173,-249.0
48.215,-249.0
48.215,-249.0
48.215,-249.0
48.257,-249.0
48.257,-249.0
48.298,-249.0
48.298,-249.0
48.298,-249.0
48.34,-249.0
48.34,-249.0
48.382,-249.0
48.382,-249.0
48.382,-249.0
48.423,-249.0
48.423,-249.0
48.465,-249.0
48.465,-249.0
48.465,-249.0
48.507,-249.0
48.507,-249.0
48.548,-249.0
48.548,-249.0
48.548,-249.0
48.59,-249.0
48.59,-249.0
48.632,-249.0
48.632,-249.0
48.632,-249.0
48.674,-249.0
48.674,-249.0
48.715,-249.0
48.715,-249.0
48.715,-249.0
48.757,-249.0
48.757,-249.0
48.757,-249.0
48.799,-249.0
48.799,-249.0
48.84,-249.0
48.84,-249.0
48.882,-249.0
48.882,-249.0
48.882,-249.0
48.924,-249.0
48.924,-249.0
48.924,-249.0
48.966,-249.0
48.966,-249.0
49.007,-249.0
49.007,-249.0
49.049,-249.0
49.049,-249.0
49.049,-249.0
49.091,-249.0
49.091,-249.0
49.091,-249.0
49.132,-249.0
49.132,-249.0
49.174,-249.0
49.174,-249.0
49.174,-249.0
49.216,-249.0
49.216,-249.0
49.258,-249.0
49.258,-249.0
49.258,-249.0
49.299,-249.0
49.299,-249.0
49.341,-249.0
49.341,-249.0
49.341,-249.0
49.383,-249.0
49.383,-249.0
49.424,-249.0
49.424,-249.0
49.424,-249.0
49.466,-249.0
49.466,-249.0
49.508,-249.0
49.508,-249.0
49.508,-249.0
49.549,-249.0
49.549,-249.0
49.591,-249.0
49.591,-249.0
49.591,-249.0
49.633,-249.0
49.633,-249.0
49.675,-249.0
49.675,-249.0
49.675,-249.0
49.716,-249.0
49.716,-249.0
49.758,-249.0
49.758,-249.0
49.758,-249.0
49.8,-249.0
49.8,-249.0
49.841,-249.0
49.841,-249.0
49.841,-249.0
49.883,-249.0
49.883,-249.0
49.925,-249.0
49.925,-249.0
49.925,-249.0
49.967,-249.0
49.967,-249.0
50.008,-249.0
50.008,-249.0
50.008,-249.0
50.05,-249.0
50.05,-249.0
50.092,-249.0
50.092,-249.0
50.092,-249.0
50.133,-249.0
50.133,-249.0
50.175,-249.0
50.175,-249.0
50.175,-249.0
50.217,-249.0
50.217,-249.0
50.259,-249.0
50.259,-249.0
50.259,-249.0
50.3,-249.0
50.3,-249.0
50.342,-249.0
50.342,-249.0
50.342,-249.0
50.384,-249.0
50.384,-249.0
50.425,-249.0
50.425,-249.0
50.425,-249.0
50.467,-249.0
50.467,-249.0
50.509,-249.0
50.509,-249.0
50.509,-249.0
50.55,-249.0
50.55,-249.0
50.592,-249.0
50.592,-249.0
50.592,-249.0
50.634,-249.0
50.634,-249.0
50.676,-249.0
50.676,-249.0
50.676,-249.0
50.717,-249.0
50.717,-249.0
50.759,-249.0
50.759,-249.0
50.759,-249.0
50.801,-249.0
50.801,-249.0
50.842,-249.0
50.842,-249.0
50.842,-249.0
50.884,-249.0
50.884,-249.0
50.926,-249.0
50.926,-249.0
50.926,-249.0
50.968,-249.0
50.968,-249.0
51.009,-249.0
51.009,-249.0
51.009,-249.0
51.051,-249.0
51.051,-249.0
51.093,-249.0
51.093,-249.0
51.093,-249.0
51.134,-249.0
51.134,-249.0
51.176,-249.0
51.176,-249.0
51.176,-249.0
51.218,-249.0
51.218,-249.0
51.26,-249.0
51.26,-249.0
51.26,-249.0
51.301,-249.0
51.301,-249.0
51.343,-249.0
51.343,-249.0
51.343,-249.0
51.385,-249.0
51.385,-249.0
51.426,-249.0
51.426,-249.0
51.426,-249.0
51.468,-249.0
51.468,-249.0
51.51,-249.0
51.51,-249.0
51.51,-249.0
51.551,-249.0
51.551,-249.0
51.593,-249.0
51.593,-249.0
51.593,-249.0
51.635,-249.0
51.635,-249.0
51.677,-249.0
51.677,-249.0
51.677,-249.0
51.718,-249.0
51.718,-249.0
51.76,-249.0
51.76,-249.0
51.76,-249.0
51.802,-249.0
51.802,-249.0
51.843,-249.0
51.843,-249.0
51.843,-249.0
51.885,-249.0
51.885,-249.0
51.927,-249.0
51.927,-249.0
51.927,-249.0
51.969,-249.0
51.969,-249.0
52.01,-249.0
52.01,-249.0
52.01,-249.0
52.052,-249.0
52.052,-249.0
52.094,-249.0
52.094,-249.0
52.094,-249.0
52.135,-249.0
52.135,-249.0
52.177,-249.0
52.177,-249.0
52.177,-249.0
52.219,-249.0
52.219,-249.0
52.261,-249.0
52.261,-249.0
52.261,-249.0
52.302,-249.0
52.302,-249.0
52.344,-249.0
52.344,-249.0
52.344,-249.0
52.386,-249.0
52.386,-249.0
52.427,-249.0
52.427,-249.0
52.427,-249.0
52.469,-249.0
52.469,-249.0
52.511,-249.0
52.511,-249.0
52.511,-249.0
52.552,-249.0
52.552,-249.0
52.594,-249.0
52.594,-249.0
52.594,-249.0
52.636,-249.0
52.636,-249.0
52.678,-249.0
52.678,-249.0
52.678,-249.0
52.719,-249.0
52.719,-249.0
52.719,-249.0
52.761,-249.0
52.761,-249.0
52.803,-249.0
52.803,-249.0
52.844,-249.0
52.844,-249.0
52.844,-249.0
52.886,-249.0
52.886,-249.0
52.886,-249.0
52.928,-249.0
52.928,-249.0
52.97,-249.0
52.97,-249.0
52.97,-249.0
53.011,-249.0
53.011,-249.0
53.053,-249.0
53.053,-249.0
53.053,-249.0
53.095,-249.0
53.095,-249.0
53.136,-249.0
53.136,-249.0
53.178,-249.0
53.178,-249.0
53.178,-249.0
53.22,-249.0
53.22,-249.0
53.22,-249.0
53.262,-249.0
53.262,-249.0
53.303,-249.0
53.303,-249.0
53.345,-249.0
53.345,-249.0
53.345,-249.0
53.387,-249.0
53.387,-249.0
53.428,-249.0
53.428,-249.0
53.428,-249.0
53.47,-249.0
53.47,-249.0
53.47,-249.0
53.512,-249.0
53.512,-249.0
53.553,-249.0
53.553,-249.0
53.553,-249.0
53.595,-249.0
53.595,-249.0
53.637,-249.0
53.637,-249.0
53.637,-249.0
53.679,-249.0
53.679,-249.0
53.72,-249.0
53.72,-249.0
53.72,-249.0
53.762,-249.0
53.762,-249.0
53.804,-249.0
53.804,-249.0
53.804,-249.0
53.845,-249.0
53.845,-249.0
53.887,-249.0
53.887,-249.0
53.887,-249.0
53.929,-249.0
53.929,-249.0
53.971,-249.0
53.971,-249.0
53.971,-249.0
54.012,-249.0
54.012,-249.0
54.054,-249.0
54.054,-249.0
54.054,-249.0
54.096,-249.0
54.096,-249.0
54.137,-249.0
54.137,-249.0
54.137,-249.0
54.179,-249.0
54.179,-249.0
54.221,-249.0
54.221,-249.0
54.221,-249.0
54.263,-249.0
54.263,-249.0
54.304,-249.0
54.304,-249.0
54.304,-249.0
54.346,-249.0
54.346,-249.0
54.388,-249.0
54.388,-249.0
54.388,-249.0
54.429,-249.0
54.429,-249.0
54.471,-249.0
54.471,-249.0
54.471,-249.0
54.513,-249.0
54.513,-249.0
54.554,-249.0
54.554,-249.0
54.554,-249.0
54.596,-249.0
54.596,-249.0
54.638,-249.0
54.638,-249.0
54.638,-249.0
54.68,-249.0
54.68,-249.0
54.721,-249.0
54.721,-249.0
54.721,-249.0
54.763,-249.0
54.763,-249.0
54.805,-249.0
54.805,-249.0
54.805,-249.0
54.846,-249.0
54.846,-249.0
54.888,-249.0
54.888,-249.0
54.888,-249.0
54.93,-249.0
54.93,-249.0
54.972,-249.0
54.972,-249.0
54.972,-249.0
55.013,-249.0
55.013,-249.0
55.055,-249.0
55.055,-249.0
55.055,-249.0
55.097,-249.0
55.097,-249.0
55.138,-249.0
55.138,-249.0
55.138,-249.0
55.18,-249.0
55.18,-249.0
55.222,-249.0
55.222,-249.0
55.222,-249.0
55.264,-249.0
55.264,-249.0
55.305,-249.0
55.305,-249.0
55.305,-249.0
55.347,-249.0
55.347,-249.0
55.389,-249.0
55.389,-249.0
55.389,-249.0
55.43,-249.0
55.43,-249.0
55.472,-249.0
55.472,-249.0
55.472,-249.0
55.514,-249.0
55.514,-249.0
55.555,-249.0
55.555,-249.0
55.555,-249.0
55.597,-249.0
55.597,-249.0
55.639,-249.0
55.639,-249.0
55.639,-249.0
55.681,-249.0
55.722,-249.0
55.764,-249.0
55.806,-249.0
55.847,-249.0
55.889,-249.0
55.931,-249.0
55.973,-249.0
55.973,-249.0
55.973,-249.0
56.014,-249.0
56.014,-249.0
56.056,-249.0
56.056,-249.0
56.056,-249.0
56.098,-249.0
56.098,-249.0
56.139,-249.0
56.139,-249.0
56.139,-249.0
56.181,-249.0
56.181,-249.0
56.223,-249.0
56.223,-249.0
56.223,-249.0
56.265,-249.0
56.265,-249.0
56.306,-249.0
56.306,-249.0
56.306,-249.0
56.348,-249.0
56.348,-249.0
56.348,-249.0
56.39,-249.0
56.39,-249.0
56.431,-249.0
56.431,-249.0
56.431,-249.0
56.473,-249.0
56.473,-249.0
56.515,-249.0
56.515,-249.0
56.556,-249.0
56.556,-249.0
56.556,-249.0
56.598,-249.0
56.598,-249.0
56.598,-249.0
56.64,-249.0
56.64,-249.0
56.682,-249.0
56.682,-249.0
56.682,-249.0
56.723,-249.0
56.723,-249.0
56.765,-249.0
56.765,-249.0
56.765,-249.0
56.807,-249.0
56.807,-249.0
56.848,-249.0
56.848,-249.0
56.848,-249.0
56.89,-249.0
56.89,-249.0
56.932,-249.0
56.932,-249.0
56.932,-249.0
56.974,-249.0
56.974,-252.0
57.015,-296.0
57.015,-257.0
57.015,-223.0
57.057,-216.0
57.057,-214.0
57.099,-209.0
57.099,-209.0
57.099,-209.0
57.14,-195.0
57.14,-190.0
57.182,-166.0
57.182,-152.0
57.182,-136.0
57.224,-127.0
57.224,-128.0
57.266,-141.0
57.266,-145.0
57.266,-151.0
57.307,-148.0
57.307,-144.0
57.349,-126.0
57.349,-123.0
57.349,-121.0
57.391,-120.0
57.391,-120.0
57.432,-120.0
57.432,-118.0
57.432,-116.0
57.474,-115.0
57.474,-115.0
57.516,-113.0
57.516,-110.0
57.516,-107.0
57.557,-104.0
57.557,-103.0
57.599,-99.0
57.599,-92.0
57.599,-78.0
57.641,-60.0
57.641,-58.0
57.683,-54.0
57.683,-53.0
57.683,-48.0
57.724,-44.0
57.724,-38.0
57.766,-30.0
57.766,-24.0
57.766,-19.0
57.808,-15.0
57.808,-14.0
57.849,-14.0
57.849,-14.0
57.849,-14.0
57.891,-14.0
57.891,-14.0
57.933,-14.0
57.933,-14.0
57.933,-14.0
57.975,-14.0
57.975,-14.0
58.016,-14.0
58.016,-14.0
58.016,-14.0
58.058,-14.0
58.058,-14.0
58.1,-14.0
58.1,-14.0
58.1,-14.0
58.141,-14.0
58.141,-15.0
58.183,-15.0
58.183,-15.0
58.183,-15.0
58.225,-16.0
58.225,-16.0
58.267,-18.0
58.267,-19.0
58.267,-20.0
58.308,-21.0
58.308,-22.0
58.35,-22.0
58.35,-22.0
58.35,-22.0
58.392,-22.0
58.392,-22.0
58.433,-22.0
58.433,-22.0
58.433,-22.0
58.475,-22.0
58.475,-22.0
58.517,-22.0
58.517,-22.0
58.517,-22.0
58.558,-22.0
58.558,-22.0
58.6,-22.0
58.6,-21.0
58.6,-20.0
58.642,-20.0
58.642,-19.0
58.684,-18.0
58.684,-17.0
58.684,-15.0
58.725,-13.0
58.725,-12.0
58.767,-12.0
58.767,-12.0
58.767,-11.0
58.809,-7.0
58.809,-6.0
58.85,-6.0
58.85,-6.0
58.85,-6.0
58.892,-6.0
58.892,-6.0
58.934,-6.0
58.934,-6.0
58.934,-6.0
58.976,-6.0
58.976,-6.0
59.017,-6.0
59.017,-6.0
59.017,-6.0
59.059,-6.0
59.059,-6.0
59.101,-6.0
59.101,-6.0
59.101,-6.0
59.142,-6.0
59.142,-6.0
59.977,Experiment ended before movie end