Name,
Age,
Gender,M
Seen,Y
Birth,
Exp_with_coding,Y
Education,Highschool
Time,X,Y-0.042,-180.0,0.0
-0.042,-180.0,0.0
-0.042,-180.0,0.0
0.0,-180.0,0.0
0.0,-180.0,0.0
0.0,-180.0,0.0
0.042,-180.0,0.0
0.042,-180.0,0.0
0.083,-180.0,0.0
0.083,-180.0,0.0
0.083,-180.0,0.0
0.125,-180.0,0.0
0.167,-180.0,0.0
0.167,-180.0,0.0
0.209,-180.0,0.0
0.209,-180.0,0.0
0.25,-180.0,0.0
0.25,-180.0,0.0
0.25,-180.0,0.0
0.292,-180.0,0.0
0.292,-180.0,0.0
0.334,-180.0,0.0
0.334,-180.0,0.0
0.334,-180.0,0.0
0.375,-180.0,0.0
0.375,-180.0,0.0
0.417,-180.0,0.0
0.417,-180.0,0.0
0.417,-180.0,0.0
0.459,-180.0,0.0
0.459,-180.0,0.0
0.501,-180.0,0.0
0.501,-180.0,0.0
0.501,-180.0,0.0
0.542,-180.0,0.0
0.542,-180.0,0.0
0.584,-180.0,0.0
0.584,-180.0,0.0
0.626,-180.0,0.0
0.626,-180.0,0.0
0.667,-180.0,0.0
0.667,-180.0,0.0
0.667,-180.0,0.0
0.709,-180.0,0.0
0.709,-180.0,0.0
0.751,-180.0,0.0
0.751,-180.0,0.0
0.751,-180.0,0.0
0.792,-180.0,0.0
0.792,-180.0,0.0
0.834,-180.0,0.0
0.834,-180.0,0.0
0.834,-180.0,0.0
0.876,-180.0,0.0
0.876,-180.0,0.0
0.918,-180.0,0.0
0.918,-180.0,0.0
0.918,-180.0,0.0
0.959,-180.0,0.0
1.001,-180.0,0.0
1.001,-180.0,0.0
1.001,-180.0,0.0
1.043,-180.0,0.0
1.043,-180.0,0.0
1.084,-180.0,0.0
1.084,-180.0,0.0
1.084,-180.0,0.0
1.126,-180.0,0.0
1.126,-180.0,0.0
1.168,-180.0,0.0
1.168,-180.0,0.0
1.168,-180.0,0.0
1.21,-180.0,0.0
1.21,-180.0,0.0
1.251,-180.0,0.0
1.251,-180.0,0.0
1.251,-180.0,0.0
1.293,-180.0,0.0
1.293,-180.0,0.0
1.335,-180.0,0.0
1.335,-180.0,0.0
1.335,-180.0,0.0
1.376,-180.0,0.0
1.376,-180.0,0.0
1.418,-180.0,0.0
1.418,-180.0,0.0
1.46,-180.0,0.0
1.46,-180.0,0.0
1.501,-180.0,0.0
1.501,-180.0,0.0
1.501,-180.0,0.0
1.543,-180.0,0.0
1.543,-180.0,0.0
1.585,-180.0,0.0
1.585,-180.0,0.0
1.585,-180.0,0.0
1.627,-180.0,0.0
1.627,-180.0,0.0
1.668,-180.0,0.0
1.668,-180.0,0.0
1.668,-180.0,0.0
1.71,-180.0,0.0
1.71,-180.0,0.0
1.752,-180.0,0.0
1.752,-180.0,0.0
1.752,-180.0,0.0
1.793,-180.0,0.0
1.793,-180.0,0.0
1.835,-180.0,0.0
1.835,-180.0,0.0
1.835,-180.0,0.0
1.877,-180.0,0.0
1.877,-180.0,0.0
1.919,-180.0,0.0
1.919,-180.0,0.0
1.919,-180.0,0.0
1.96,-180.0,0.0
1.96,-180.0,0.0
2.002,-180.0,0.0
2.002,-180.0,0.0
2.044,-180.0,0.0
2.044,-180.0,0.0
2.085,-180.0,0.0
2.085,-180.0,0.0
2.127,-180.0,0.0
2.127,-180.0,0.0
2.169,-180.0,0.0
2.169,-180.0,0.0
2.211,-180.0,0.0
2.211,-180.0,0.0
2.252,-180.0,0.0
2.252,-180.0,0.0
2.252,-180.0,0.0
2.294,-180.0,0.0
2.294,-180.0,0.0
2.336,-180.0,0.0
2.336,-180.0,0.0
2.336,-180.0,0.0
2.377,-180.0,0.0
2.377,-180.0,0.0
2.419,-180.0,0.0
2.419,-180.0,0.0
2.419,-180.0,0.0
2.461,-180.0,0.0
2.461,-180.0,0.0
2.502,-180.0,0.0
2.502,-180.0,0.0
2.502,-180.0,0.0
2.544,-180.0,0.0
2.544,-180.0,0.0
2.586,-180.0,0.0
2.586,-180.0,0.0
2.586,-180.0,0.0
2.628,-180.0,0.0
2.628,-180.0,0.0
2.669,-180.0,0.0
2.669,-180.0,0.0
2.669,-180.0,0.0
2.711,-180.0,0.0
2.711,-180.0,0.0
2.753,-180.0,0.0
2.753,-180.0,0.0
2.753,-180.0,0.0
2.794,-180.0,0.0
2.794,-180.0,0.0
2.836,-180.0,0.0
2.836,-180.0,0.0
2.836,-180.0,0.0
2.878,-180.0,0.0
2.878,-180.0,0.0
2.92,-180.0,0.0
2.92,-180.0,0.0
2.92,-180.0,0.0
2.961,-180.0,0.0
2.961,-180.0,0.0
3.003,-180.0,0.0
3.003,-180.0,0.0
3.003,-180.0,0.0
3.045,-180.0,0.0
3.045,-180.0,0.0
3.086,-180.0,0.0
3.086,-180.0,0.0
3.086,-180.0,0.0
3.128,-180.0,0.0
3.128,-180.0,0.0
3.17,-180.0,0.0
3.17,-180.0,0.0
3.17,-180.0,0.0
3.212,-180.0,0.0
3.212,-180.0,0.0
3.253,-180.0,0.0
3.253,-180.0,0.0
3.295,-180.0,0.0
3.295,-180.0,0.0
3.337,-180.0,0.0
3.337,-180.0,0.0
3.378,-180.0,0.0
3.378,-180.0,0.0
3.42,-180.0,0.0
3.42,-180.0,0.0
3.42,-180.0,0.0
3.462,-180.0,0.0
3.462,-180.0,0.0
3.503,-180.0,0.0
3.503,-180.0,0.0
3.503,-180.0,0.0
3.545,-180.0,0.0
3.545,-180.0,0.0
3.587,-180.0,0.0
3.587,-180.0,0.0
3.587,-180.0,0.0
3.629,-180.0,0.0
3.629,-180.0,0.0
3.67,-180.0,0.0
3.67,-180.0,0.0
3.67,-180.0,0.0
3.712,-180.0,0.0
3.712,-180.0,0.0
3.754,-180.0,0.0
3.754,-180.0,0.0
3.795,-180.0,0.0
3.795,-180.0,0.0
3.837,-180.0,0.0
3.837,-180.0,0.0
3.837,-180.0,0.0
3.879,-180.0,0.0
3.879,-180.0,0.0
3.921,-180.0,0.0
3.921,-180.0,0.0
3.921,-180.0,0.0
3.962,-180.0,0.0
3.962,-180.0,0.0
4.004,-180.0,0.0
4.004,-180.0,0.0
4.004,-180.0,0.0
4.046,-180.0,0.0
4.046,-180.0,0.0
4.087,-181.0,-1.0
4.087,-183.0,-6.0
4.087,-193.0,-6.0
4.129,-213.0,-6.0
4.129,-228.0,-6.0
4.171,-239.0,-6.0
4.171,-262.0,-6.0
4.213,-266.0,-6.0
4.213,-271.0,-6.0
4.254,-275.0,-6.0
4.254,-277.0,-6.0
4.296,-277.0,-6.0
4.296,-281.0,-6.0
4.338,-285.0,-6.0
7.466,-303.0,-206.0
7.466,-299.0,-209.0
7.466,-295.0,-213.0
7.507,-291.0,-216.0
7.507,-285.0,-218.0
7.549,-279.0,-223.0
7.549,-272.0,-227.0
7.549,-268.0,-230.0
7.591,-260.0,-233.0
7.591,-254.0,-234.0
7.633,-250.0,-235.0
7.633,-245.0,-235.0
7.633,-241.0,-236.0
7.674,-236.0,-238.0
7.674,-232.0,-238.0
7.716,-226.0,-239.0
7.716,-219.0,-242.0
7.716,-213.0,-244.0
7.758,-208.0,-245.0
7.799,-193.0,-250.0
7.799,-185.0,-250.0
7.799,-179.0,-250.0
7.841,-174.0,-250.0
7.841,-168.0,-250.0
7.883,-163.0,-250.0
7.883,-152.0,-250.0
7.925,-148.0,-250.0
7.966,-142.0,-250.0
7.966,-136.0,-250.0
7.966,-131.0,-250.0
8.008,-129.0,-250.0
8.05,-125.0,-250.0
8.05,-124.0,-250.0
8.05,-122.0,-250.0
8.091,-121.0,-250.0
8.133,-120.0,-250.0
8.133,-117.0,-250.0
8.133,-117.0,-250.0
8.175,-116.0,-250.0
8.217,-115.0,-250.0
8.217,-114.0,-250.0
8.217,-112.0,-250.0
8.258,-111.0,-250.0
8.3,-109.0,-250.0
8.3,-106.0,-250.0
8.3,-105.0,-249.0
8.342,-105.0,-245.0
8.342,-105.0,-243.0
8.383,-105.0,-239.0
8.383,-105.0,-238.0
8.383,-105.0,-234.0
8.425,-105.0,-233.0
8.467,-105.0,-224.0
8.467,-105.0,-218.0
8.467,-105.0,-213.0
8.508,-105.0,-209.0
8.508,-105.0,-206.0
8.55,-105.0,-202.0
8.55,-105.0,-196.0
8.55,-105.0,-192.0
8.592,-105.0,-187.0
8.592,-105.0,-178.0
8.634,-105.0,-170.0
8.634,-105.0,-163.0
8.634,-105.0,-156.0
8.675,-105.0,-142.0
8.717,-105.0,-132.0
8.717,-105.0,-122.0
8.717,-105.0,-116.0
8.759,-105.0,-111.0
8.8,-105.0,-103.0
8.8,-105.0,-99.0
8.8,-105.0,-95.0
8.842,-105.0,-90.0
8.884,-105.0,-82.0
8.884,-105.0,-78.0
8.884,-105.0,-74.0
8.926,-105.0,-71.0
8.967,-105.0,-65.0
8.967,-105.0,-60.0
8.967,-105.0,-55.0
9.009,-105.0,-49.0
9.051,-105.0,-35.0
9.051,-105.0,-24.0
9.051,-105.0,-10.0
9.092,-105.0,-1.0
9.092,-105.0,8.0
9.134,-105.0,16.0
9.134,-105.0,29.0
9.176,-105.0,39.0
9.176,-105.0,45.0
9.218,-105.0,50.0
9.218,-105.0,56.0
9.218,-105.0,60.0
9.259,-105.0,65.0
9.259,-105.0,70.0
9.301,-105.0,73.0
9.301,-105.0,78.0
9.301,-105.0,80.0
9.343,-105.0,86.0
9.343,-105.0,90.0
9.384,-105.0,95.0
9.384,-105.0,101.0
9.384,-105.0,107.0
9.426,-108.0,112.0
9.468,-112.0,122.0
9.468,-116.0,133.0
9.51,-121.0,143.0
9.51,-124.0,149.0
9.551,-128.0,156.0
9.551,-133.0,164.0
9.551,-136.0,171.0
9.593,-137.0,177.0
9.593,-142.0,184.0
9.635,-144.0,188.0
9.635,-147.0,195.0
9.635,-150.0,199.0
9.676,-155.0,208.0
9.718,-159.0,213.0
9.718,-165.0,221.0
9.76,-168.0,225.0
9.801,-173.0,231.0
9.801,-176.0,233.0
9.801,-178.0,236.0
9.843,-180.0,237.0
9.843,-182.0,239.0
9.885,-184.0,240.0
9.885,-189.0,244.0
9.927,-190.0,245.0
9.927,-194.0,246.0
9.968,-197.0,248.0
9.968,-200.0,249.0
10.01,-202.0,250.0
10.01,-207.0,250.0
10.052,-209.0,250.0
10.052,-214.0,250.0
10.093,-218.0,250.0
10.093,-220.0,250.0
10.135,-223.0,250.0
10.135,-225.0,250.0
10.135,-229.0,250.0
10.177,-231.0,250.0
10.219,-239.0,250.0
10.219,-241.0,250.0
10.219,-245.0,250.0
10.26,-249.0,250.0
10.26,-258.0,250.0
10.302,-263.0,250.0
10.344,-270.0,250.0
10.344,-275.0,250.0
10.385,-282.0,249.0
10.427,-289.0,248.0
13.222,-300.0,-43.0
13.222,-298.0,-30.0
13.222,-297.0,-15.0
13.263,-297.0,-1.0
13.555,-317.0,-154.0
13.555,-288.0,-188.0
13.597,-252.0,-211.0
13.597,-211.0,-222.0
13.597,-188.0,-224.0
13.639,-172.0,-220.0
13.68,-148.0,-172.0
13.68,-137.0,-118.0
13.722,-137.0,-73.0
13.722,-175.0,-16.0
14.598,-309.0,-143.0
14.64,-298.0,-121.0
14.64,-285.0,-99.0
14.681,-272.0,-69.0
14.681,-258.0,-32.0
14.723,-253.0,-13.0
14.723,-251.0,6.0
14.765,-251.0,15.0
14.765,-251.0,23.0
14.806,-251.0,23.0
14.848,-251.0,23.0
14.848,-251.0,23.0
14.848,-253.0,21.0
14.89,-262.0,-9.0
14.932,-275.0,-59.0
14.932,-290.0,-114.0
15.599,-308.0,-97.0
15.599,-292.0,-77.0
15.599,-276.0,-59.0
15.641,-263.0,-42.0
15.682,-247.0,-1.0
15.682,-247.0,18.0
15.682,-248.0,33.0
15.724,-257.0,53.0
16.266,-397.0,-134.0
16.266,-231.0,-134.0
16.308,-111.0,-134.0
16.308,-105.0,-132.0
16.35,-105.0,-123.0
16.35,-105.0,-115.0
16.35,-105.0,-107.0
16.391,-105.0,-100.0
16.433,-105.0,-79.0
16.433,-119.0,-72.0
16.433,-184.0,-72.0
16.642,-310.0,-161.0
16.683,-286.0,-105.0
16.683,-281.0,-54.0
16.934,-349.0,-166.0
16.975,-284.0,-138.0
17.017,-226.0,-84.0
17.017,-215.0,-41.0
17.017,-223.0,0.0
17.059,-241.0,30.0
17.226,-380.0,-127.0
17.267,-277.0,-123.0
17.267,-249.0,-106.0
17.267,-232.0,-83.0
17.309,-230.0,-63.0
17.351,-260.0,-3.0
17.518,-308.0,-123.0
17.559,-272.0,-113.0
17.601,-229.0,-62.0
17.601,-232.0,-30.0
17.601,-246.0,-10.0
18.268,-309.0,-46.0
18.56,-310.0,-73.0
18.81,-332.0,-120.0
18.81,-293.0,-87.0
18.852,-271.0,-56.0
18.852,-263.0,2.0
19.061,-309.0,-117.0
19.102,-277.0,-81.0
19.561,-338.0,-21.0
19.603,-295.0,48.0
19.603,-289.0,71.0
19.603,-290.0,92.0
19.645,-295.0,101.0
19.686,-304.0,70.0
19.728,-298.0,24.0
19.728,-289.0,-21.0
19.77,-270.0,-70.0
19.77,-257.0,-103.0
19.77,-251.0,-121.0
19.811,-251.0,-125.0
19.811,-254.0,-126.0
20.02,-338.0,-30.0
20.062,-274.0,-104.0
20.062,-226.0,-151.0
20.103,-213.0,-166.0
20.103,-208.0,-171.0
20.103,-207.0,-173.0
20.145,-207.0,-173.0
20.145,-218.0,-174.0
20.354,-306.0,66.0
20.395,-293.0,91.0
20.437,-293.0,107.0
20.812,-307.0,-52.0
20.854,-289.0,-36.0
20.854,-260.0,-10.0
20.854,-235.0,29.0
20.896,-211.0,74.0
20.896,-209.0,90.0
20.938,-208.0,97.0
20.938,-208.0,108.0
20.979,-210.0,115.0
20.979,-214.0,126.0
21.021,-215.0,129.0
21.063,-215.0,130.0
21.063,-215.0,130.0
21.104,-215.0,130.0
21.104,-215.0,130.0
21.104,-214.0,132.0
21.146,-208.0,138.0
21.146,-201.0,143.0
21.188,-195.0,149.0
21.188,-185.0,158.0
21.188,-174.0,173.0
21.23,-171.0,182.0
21.23,-166.0,192.0
21.271,-165.0,196.0
21.271,-163.0,201.0
21.271,-163.0,204.0
21.313,-163.0,207.0
21.313,-163.0,208.0
21.355,-164.0,208.0
21.355,-165.0,208.0
21.355,-166.0,208.0
21.396,-167.0,208.0
21.396,-173.0,200.0
21.438,-173.0,193.0
21.438,-159.0,170.0
21.48,-151.0,165.0
21.48,-146.0,165.0
21.522,-141.0,165.0
21.563,-131.0,172.0
21.563,-119.0,193.0
21.605,-117.0,199.0
21.605,-117.0,203.0
21.605,-117.0,205.0
21.647,-118.0,207.0
21.647,-127.0,210.0
21.688,-144.0,210.0
21.73,-164.0,208.0
21.73,-176.0,202.0
21.772,-180.0,197.0
21.772,-183.0,190.0
21.772,-184.0,181.0
21.813,-184.0,172.0
21.813,-180.0,161.0
21.855,-175.0,159.0
21.897,-167.0,157.0
21.897,-162.0,157.0
21.897,-155.0,159.0
21.939,-149.0,167.0
21.98,-144.0,179.0
21.98,-144.0,193.0
21.98,-144.0,198.0
22.022,-148.0,207.0
22.022,-150.0,211.0
22.064,-153.0,214.0
22.064,-167.0,217.0
22.105,-183.0,216.0
22.147,-203.0,208.0
22.147,-217.0,194.0
22.189,-226.0,185.0
22.189,-233.0,168.0
22.231,-235.0,157.0
22.231,-233.0,144.0
22.272,-226.0,139.0
22.272,-222.0,137.0
22.314,-217.0,137.0
22.314,-204.0,137.0
22.314,-187.0,137.0
22.356,-170.0,138.0
22.397,-147.0,148.0
22.397,-137.0,154.0
22.397,-133.0,162.0
22.439,-127.0,169.0
22.439,-125.0,177.0
22.481,-125.0,181.0
22.481,-125.0,185.0
22.522,-131.0,188.0
22.564,-147.0,193.0
22.564,-160.0,193.0
22.606,-175.0,193.0
22.606,-202.0,185.0
22.648,-210.0,177.0
22.648,-221.0,163.0
22.689,-227.0,150.0
22.731,-227.0,141.0
22.731,-227.0,137.0
22.731,-226.0,136.0
22.773,-224.0,135.0
22.773,-222.0,135.0
22.814,-220.0,135.0
22.814,-219.0,149.0
22.856,-224.0,161.0
22.856,-230.0,167.0
24.858,-306.0,250.0
24.9,-272.0,250.0
24.9,-183.0,250.0
24.942,-147.0,250.0
24.942,-105.0,250.0
24.983,-105.0,250.0
24.983,-105.0,250.0
24.983,-105.0,250.0
25.025,-105.0,250.0
25.067,-105.0,250.0
25.067,-105.0,250.0
25.108,-105.0,250.0
25.15,-105.0,250.0
25.15,-105.0,247.0
25.15,-105.0,232.0
25.192,-105.0,186.0
25.192,-105.0,164.0
25.234,-105.0,143.0
25.234,-105.0,110.0
25.275,-105.0,93.0
25.317,-105.0,56.0
25.317,-105.0,37.0
25.317,-105.0,21.0
25.359,-105.0,1.0
25.4,-105.0,-41.0
25.4,-105.0,-87.0
25.4,-105.0,-122.0
25.442,-105.0,-152.0
25.442,-105.0,-188.0
25.484,-105.0,-221.0
25.484,-105.0,-250.0
25.525,-105.0,-250.0
25.567,-105.0,-250.0
25.567,-105.0,-250.0
25.567,-105.0,-250.0
25.609,-105.0,-250.0
25.651,-105.0,-250.0
25.651,-105.0,-250.0
25.651,-105.0,-250.0
25.692,-105.0,-250.0
25.692,-105.0,-250.0
25.734,-105.0,-250.0
25.734,-105.0,-250.0
25.776,-105.0,-250.0
25.776,-105.0,-250.0
25.817,-105.0,-250.0
25.817,-105.0,-250.0
25.859,-105.0,-250.0
25.901,-105.0,-250.0
25.901,-105.0,-250.0
25.901,-105.0,-250.0
25.943,-105.0,-250.0
25.943,-105.0,-250.0
25.984,-105.0,-250.0
25.984,-105.0,-250.0
25.984,-105.0,-250.0
26.026,-105.0,-250.0
26.026,-105.0,-250.0
26.068,-105.0,-250.0
26.068,-105.0,-250.0
26.068,-105.0,-250.0
26.109,-105.0,-250.0
26.151,-105.0,-250.0
26.151,-105.0,-250.0
26.151,-105.0,-250.0
26.193,-105.0,-250.0
26.193,-105.0,-250.0
26.235,-105.0,-250.0
26.944,-351.0,-26.0
26.985,-267.0,-36.0
26.985,-218.0,-48.0
27.027,-211.0,-48.0
27.027,-211.0,-48.0
27.027,-211.0,-48.0
27.069,-211.0,-48.0
27.069,-211.0,-48.0
27.11,-211.0,-48.0
27.11,-211.0,-48.0
27.11,-211.0,-48.0
27.152,-211.0,-48.0
27.152,-211.0,-48.0
27.194,-211.0,-48.0
27.194,-211.0,-48.0
27.236,-211.0,-48.0
27.236,-211.0,-48.0
27.277,-211.0,-48.0
27.277,-210.0,-48.0
27.319,-215.0,-48.0
27.319,-220.0,-48.0
27.361,-222.0,-48.0
27.361,-225.0,-48.0
27.402,-230.0,-48.0
27.402,-238.0,-48.0
27.444,-249.0,-44.0
27.444,-267.0,-38.0
27.486,-283.0,-32.0
28.07,-320.0,-70.0
28.07,-297.0,-33.0
28.07,-287.0,-11.0
28.111,-279.0,8.0
28.153,-278.0,33.0
28.153,-282.0,44.0
28.153,-286.0,52.0
28.195,-293.0,60.0
28.904,-300.0,-112.0
28.946,-290.0,-134.0
28.987,-283.0,-170.0
28.987,-290.0,-185.0
28.987,-293.0,-185.0
29.029,-296.0,-185.0
29.071,-299.0,-182.0
29.071,-299.0,-180.0
29.071,-299.0,-179.0
29.112,-299.0,-178.0
29.112,-299.0,-176.0
29.154,-299.0,-174.0
29.154,-299.0,-173.0
29.196,-299.0,-171.0
29.196,-299.0,-170.0
29.404,-349.0,-10.0
29.446,-299.0,1.0
29.446,-287.0,8.0
30.155,-321.0,24.0
30.155,-290.0,73.0
30.155,-282.0,88.0
30.197,-282.0,96.0
30.239,-282.0,97.0
30.364,-343.0,-18.0
30.405,-291.0,-90.0
30.405,-278.0,-105.0
30.405,-275.0,-107.0
67.943,-105.0,-225.0
67.943,-105.0,-181.0
67.943,-105.0,-141.0
67.985,-105.0,-97.0
67.985,-105.0,-65.0
68.026,-105.0,-36.0
68.026,-105.0,14.0
68.068,-105.0,35.0
68.068,-105.0,45.0
68.11,-105.0,48.0
68.11,-105.0,48.0
68.11,-105.0,48.0
68.151,-105.0,48.0
68.151,-105.0,48.0
68.151,-105.0,48.0
68.193,-105.0,48.0
68.193,-105.0,48.0
68.235,-105.0,48.0
68.235,-105.0,48.0
68.277,-105.0,48.0
68.277,-105.0,48.0
68.277,-105.0,48.0
68.318,-105.0,50.0
68.318,-105.0,62.0
68.36,-105.0,74.0
68.36,-105.0,83.0
68.36,-105.0,96.0
68.402,-107.0,103.0
68.402,-160.0,103.0
68.443,-205.0,103.0
68.443,-233.0,103.0
68.443,-257.0,96.0
68.485,-276.0,89.0
68.485,-285.0,84.0
68.694,-308.0,-4.0
68.735,-299.0,-28.0
68.735,-293.0,-34.0
68.735,-289.0,-39.0
68.777,-286.0,-41.0
68.777,-284.0,-44.0
68.819,-277.0,-45.0
68.819,-266.0,-47.0
68.819,-257.0,-46.0
68.86,-247.0,-34.0
68.86,-234.0,-17.0
68.902,-227.0,15.0
68.902,-230.0,50.0
68.944,-245.0,80.0
68.944,-258.0,97.0
68.944,-274.0,113.0
68.986,-283.0,117.0
95.22,-302.0,-65.0
95.262,-299.0,-67.0
95.304,-298.0,-67.0
95.304,-297.0,-67.0
95.304,-296.0,-67.0
95.345,-293.0,-63.0
95.345,-290.0,-59.0
95.387,-287.0,-55.0
95.387,-286.0,-54.0
95.387,-286.0,-52.0
95.429,-285.0,-52.0
95.429,-285.0,-52.0
95.47,-285.0,-52.0
95.47,-285.0,-52.0
95.47,-285.0,-52.0
95.512,-285.0,-52.0
95.512,-285.0,-52.0
95.554,-285.0,-52.0
95.554,-285.0,-52.0
95.554,-285.0,-52.0
95.595,-285.0,-52.0
95.595,-285.0,-52.0
95.637,-285.0,-52.0
95.637,-285.0,-52.0
95.637,-285.0,-52.0
95.679,-285.0,-52.0
95.679,-285.0,-52.0
95.721,-285.0,-52.0
95.721,-285.0,-52.0
95.721,-285.0,-52.0
95.762,-285.0,-52.0
95.762,-285.0,-52.0
95.804,-285.0,-52.0
95.804,-285.0,-52.0
95.804,-285.0,-52.0
95.846,-285.0,-52.0
95.846,-285.0,-51.0
95.887,-285.0,-50.0
95.887,-284.0,-46.0
95.929,-284.0,-45.0
95.929,-284.0,-45.0
95.971,-283.0,-45.0
95.971,-283.0,-45.0
95.971,-283.0,-45.0
96.013,-283.0,-45.0
96.013,-283.0,-45.0
96.054,-283.0,-45.0
96.054,-283.0,-45.0
96.054,-283.0,-45.0
96.096,-283.0,-45.0
96.096,-283.0,-45.0
96.138,-283.0,-45.0
96.138,-283.0,-45.0
96.138,-283.0,-45.0
96.179,-283.0,-45.0
96.221,-283.0,-45.0
96.221,-283.0,-45.0
96.221,-283.0,-45.0
96.263,-283.0,-45.0
96.263,-283.0,-45.0
96.305,-283.0,-45.0
96.305,-283.0,-45.0
96.305,-283.0,-45.0
96.346,-283.0,-45.0
96.346,-283.0,-45.0
96.388,-283.0,-45.0
96.388,-283.0,-45.0
96.388,-283.0,-45.0
96.43,-283.0,-45.0
96.43,-283.0,-45.0
96.471,-283.0,-45.0
96.471,-283.0,-45.0
96.513,-283.0,-45.0
96.513,-283.0,-45.0
96.555,-283.0,-45.0
96.555,-283.0,-45.0
96.555,-283.0,-45.0
96.596,-283.0,-45.0
96.596,-283.0,-45.0
96.638,-283.0,-45.0
96.638,-283.0,-45.0
96.638,-283.0,-45.0
96.68,-283.0,-45.0
96.68,-283.0,-45.0
96.722,-283.0,-45.0
96.722,-283.0,-45.0
96.722,-283.0,-45.0
96.763,-283.0,-45.0
96.805,-283.0,-45.0
96.805,-283.0,-45.0
96.805,-283.0,-45.0
96.847,-283.0,-45.0
96.847,-283.0,-45.0
96.888,-283.0,-45.0
96.888,-283.0,-45.0
96.888,-283.0,-45.0
96.93,-283.0,-45.0
96.93,-283.0,-45.0
96.972,-283.0,-45.0
96.972,-283.0,-45.0
96.972,-283.0,-45.0
97.014,-283.0,-45.0
97.014,-283.0,-45.0
97.055,-283.0,-45.0
97.055,-283.0,-45.0
97.055,-283.0,-45.0
97.097,-283.0,-45.0
97.097,-283.0,-45.0
97.139,-283.0,-45.0
97.139,-283.0,-45.0
97.139,-283.0,-45.0
97.18,-283.0,-45.0
97.18,-283.0,-45.0
97.222,-283.0,-45.0
97.222,-283.0,-45.0
97.222,-283.0,-45.0
97.264,-283.0,-45.0
97.264,-283.0,-45.0
97.306,-283.0,-45.0
97.306,-283.0,-45.0
97.306,-283.0,-45.0
97.347,-283.0,-45.0
97.347,-283.0,-45.0
97.389,-283.0,-45.0
97.389,-283.0,-45.0
97.389,-283.0,-45.0
97.431,-283.0,-45.0
97.472,-283.0,-45.0
97.472,-283.0,-45.0
97.472,-283.0,-45.0
97.514,-283.0,-45.0
97.514,-283.0,-45.0
97.556,-283.0,-45.0
97.556,-283.0,-45.0
97.556,-283.0,-45.0
97.597,-283.0,-45.0
97.597,-283.0,-45.0
97.639,-283.0,-45.0
97.639,-283.0,-45.0
97.639,-283.0,-45.0
97.681,-283.0,-45.0
97.681,-283.0,-45.0
97.723,-283.0,-45.0
97.723,-283.0,-45.0
97.723,-283.0,-45.0
97.764,-283.0,-45.0
97.764,-283.0,-45.0
97.806,-283.0,-45.0
97.806,-283.0,-45.0
97.806,-283.0,-45.0
97.848,-283.0,-45.0
97.848,-283.0,-45.0
97.889,-283.0,-45.0
97.889,-283.0,-45.0
97.889,-283.0,-45.0
97.931,-283.0,-45.0
97.931,-283.0,-45.0
97.973,-283.0,-45.0
97.973,-283.0,-45.0
97.973,-283.0,-45.0
98.015,-283.0,-45.0
98.056,-283.0,-45.0
98.056,-283.0,-45.0
98.056,-283.0,-45.0
98.098,-283.0,-45.0
98.14,-283.0,-45.0
98.14,-283.0,-45.0
98.14,-283.0,-45.0
98.181,-283.0,-45.0
98.181,-283.0,-45.0
98.223,-283.0,-45.0
98.223,-283.0,-45.0
98.223,-283.0,-45.0
98.265,-283.0,-45.0
98.265,-283.0,-45.0
98.307,-283.0,-45.0
98.307,-283.0,-45.0
98.307,-283.0,-45.0
98.348,-283.0,-45.0
98.348,-283.0,-45.0
98.39,-283.0,-45.0
98.39,-283.0,-45.0
98.432,-283.0,-45.0
98.432,-283.0,-45.0
98.473,-283.0,-45.0
98.473,-283.0,-45.0
98.473,-283.0,-45.0
98.515,-283.0,-45.0
98.515,-283.0,-45.0
98.557,-283.0,-45.0
98.557,-283.0,-45.0
98.557,-283.0,-45.0
98.598,-283.0,-45.0
98.64,-283.0,-45.0
98.64,-283.0,-45.0
98.64,-283.0,-45.0
98.682,-283.0,-45.0
98.724,-283.0,-45.0
98.724,-283.0,-45.0
98.724,-283.0,-45.0
98.765,-283.0,-45.0
98.765,-283.0,-45.0
98.807,-283.0,-45.0
98.807,-283.0,-45.0
98.807,-283.0,-45.0
98.849,-283.0,-45.0
98.849,-283.0,-45.0
98.89,-283.0,-45.0
98.89,-283.0,-45.0
98.89,-283.0,-45.0
98.932,-283.0,-45.0
98.932,-283.0,-45.0
98.974,-283.0,-45.0
98.974,-283.0,-45.0
99.016,-283.0,-45.0
99.016,-283.0,-45.0
99.057,-283.0,-45.0
99.057,-283.0,-45.0
99.057,-283.0,-45.0
99.099,-283.0,-45.0
99.099,-283.0,-45.0
99.141,-283.0,-45.0
99.141,-283.0,-45.0
99.141,-283.0,-45.0
99.182,-283.0,-45.0
99.182,-283.0,-45.0
99.224,-283.0,-45.0
99.224,-283.0,-45.0
99.224,-283.0,-45.0
99.266,-283.0,-45.0
99.266,-283.0,-45.0
99.308,-283.0,-45.0
99.308,-283.0,-45.0
99.308,-283.0,-45.0
99.349,-283.0,-45.0
99.349,-283.0,-45.0
99.391,-283.0,-45.0
99.391,-283.0,-45.0
99.391,-283.0,-45.0
99.433,-283.0,-45.0
99.433,-283.0,-45.0
99.474,-283.0,-45.0
99.474,-283.0,-45.0
99.516,-283.0,-45.0
99.516,-283.0,-45.0
99.558,-283.0,-45.0
99.558,-283.0,-45.0
99.558,-283.0,-45.0
99.599,-283.0,-45.0
99.599,-283.0,-45.0
99.641,-283.0,-45.0
99.641,-283.0,-45.0
99.641,-283.0,-45.0
99.683,-283.0,-45.0
99.683,-283.0,-45.0
101.435,-371.0,-1.0
101.476,-266.0,-55.0
101.476,-188.0,-82.0
101.476,-129.0,-86.0
101.518,-105.0,-86.0
101.518,-105.0,-79.0
101.56,-105.0,-64.0
101.56,-105.0,-44.0
101.56,-105.0,-13.0
101.601,-105.0,15.0
101.601,-105.0,57.0
101.643,-105.0,72.0
101.643,-105.0,82.0
101.643,-105.0,94.0
101.685,-128.0,96.0
101.685,-162.0,92.0
101.727,-229.0,64.0
101.727,-254.0,43.0
101.727,-265.0,18.0
101.768,-264.0,-2.0
101.768,-259.0,-10.0
101.81,-257.0,-11.0
101.81,-253.0,-12.0
101.81,-237.0,-2.0
101.852,-219.0,19.0
101.852,-203.0,39.0
101.893,-188.0,64.0
101.893,-180.0,91.0
101.893,-182.0,115.0
101.935,-194.0,129.0
101.935,-226.0,142.0
102.06,-325.0,-34.0
102.06,-297.0,-49.0
102.102,-266.0,-54.0
102.102,-226.0,-50.0
102.144,-201.0,-40.0
102.144,-193.0,-28.0
102.144,-190.0,-13.0
102.185,-190.0,2.0
102.185,-225.0,47.0
102.227,-255.0,60.0
102.394,-340.0,-90.0
102.436,-298.0,-43.0
102.436,-273.0,32.0
102.644,-314.0,-213.0
102.686,-292.0,-206.0
102.686,-260.0,-138.0
102.728,-260.0,-88.0
102.936,-359.0,-217.0
102.936,-277.0,-209.0
102.936,-218.0,-181.0
102.978,-194.0,-150.0
103.02,-193.0,-83.0
103.02,-222.0,-51.0
103.145,-328.0,-250.0
103.145,-295.0,-250.0
103.186,-260.0,-250.0
103.186,-231.0,-250.0
103.186,-194.0,-250.0
103.228,-166.0,-250.0
103.228,-159.0,-250.0
103.27,-157.0,-250.0
103.27,-165.0,-250.0
103.312,-218.0,-250.0
103.437,-369.0,-193.0
103.478,-277.0,-148.0
103.478,-189.0,-105.0
103.478,-129.0,-57.0
103.52,-114.0,-37.0
103.52,-113.0,-25.0
103.52,-113.0,-18.0
103.562,-113.0,-14.0
103.562,-117.0,-10.0
103.603,-126.0,-10.0
103.603,-142.0,-16.0
103.603,-154.0,-44.0
103.645,-156.0,-81.0
103.645,-148.0,-126.0
103.687,-135.0,-156.0
103.687,-124.0,-183.0
103.687,-122.0,-185.0
103.729,-122.0,-185.0
103.729,-122.0,-185.0
103.77,-122.0,-178.0
103.77,-123.0,-149.0
103.77,-126.0,-118.0
103.812,-126.0,-71.0
103.812,-126.0,-29.0
103.854,-130.0,8.0
103.854,-137.0,25.0
103.854,-143.0,31.0
103.895,-167.0,20.0
103.937,-199.0,-42.0
103.937,-204.0,-140.0
103.937,-195.0,-191.0
103.979,-185.0,-224.0
103.979,-179.0,-238.0
104.021,-177.0,-242.0
104.021,-175.0,-245.0
104.062,-175.0,-245.0
104.062,-174.0,-245.0
104.104,-167.0,-238.0
104.104,-157.0,-226.0
104.104,-134.0,-189.0
104.146,-114.0,-155.0
104.146,-105.0,-125.0
104.187,-105.0,-93.0
104.187,-105.0,-68.0
104.187,-105.0,-52.0
104.229,-105.0,-41.0
104.271,-136.0,-35.0
104.271,-153.0,-35.0
104.271,-168.0,-35.0
104.313,-188.0,-42.0
104.313,-196.0,-48.0
104.354,-200.0,-52.0
104.354,-203.0,-59.0
104.354,-206.0,-68.0
104.396,-206.0,-77.0
104.396,-206.0,-88.0
104.438,-201.0,-106.0
104.438,-196.0,-120.0
104.438,-191.0,-129.0
104.479,-189.0,-136.0
104.521,-184.0,-138.0
104.521,-168.0,-143.0
104.521,-152.0,-145.0
104.563,-138.0,-145.0
104.563,-126.0,-143.0
104.604,-114.0,-132.0
104.604,-106.0,-121.0
104.604,-105.0,-103.0
104.646,-105.0,-77.0
104.646,-105.0,-56.0
104.688,-119.0,-29.0
104.688,-149.0,-4.0
104.688,-165.0,1.0
104.73,-171.0,3.0
104.771,-172.0,3.0
104.771,-172.0,3.0
104.771,-172.0,3.0
104.813,-172.0,3.0
104.813,-173.0,3.0
104.855,-174.0,3.0
104.855,-174.0,3.0
104.855,-175.0,4.0
104.896,-177.0,6.0
104.896,-178.0,11.0
104.938,-178.0,13.0
104.938,-178.0,13.0
104.938,-178.0,13.0
104.98,-178.0,13.0
104.98,-178.0,13.0
105.022,-178.0,13.0
105.022,-178.0,13.0
105.022,-178.0,13.0
105.063,-178.0,13.0
105.063,-178.0,13.0
105.105,-178.0,13.0
105.105,-178.0,13.0
105.147,-178.0,13.0
105.147,-178.0,13.0
105.188,-178.0,13.0
105.188,-178.0,13.0
105.188,-178.0,13.0
105.23,-178.0,13.0
105.272,-178.0,13.0
105.272,-178.0,13.0
105.272,-178.0,13.0
105.314,-178.0,13.0
105.314,-178.0,13.0
105.355,-178.0,13.0
105.355,-178.0,13.0
105.397,-178.0,13.0
105.397,-178.0,13.0
105.439,-178.0,13.0
105.439,-178.0,13.0
105.48,-178.0,13.0
105.48,-178.0,13.0
105.522,-178.0,13.0
105.522,-178.0,13.0
105.522,-178.0,13.0
105.564,-178.0,13.0
105.564,-178.0,13.0
105.605,-178.0,13.0
105.605,-178.0,13.0
105.605,-178.0,13.0
105.647,-178.0,13.0
105.647,-178.0,13.0
105.689,-178.0,13.0
105.689,-178.0,13.0
105.689,-178.0,13.0
105.731,-178.0,13.0
105.731,-178.0,13.0
105.772,-178.0,13.0
105.772,-178.0,13.0
105.772,-178.0,13.0
105.814,-178.0,13.0
105.814,-178.0,13.0
105.856,-178.0,13.0
105.856,-178.0,13.0
105.856,-178.0,13.0
105.897,-178.0,13.0
105.897,-178.0,13.0
105.939,-178.0,13.0
105.939,-178.0,13.0
105.981,-178.0,13.0
105.981,-178.0,13.0
106.023,-178.0,13.0
106.023,-178.0,13.0
106.023,-178.0,13.0
106.064,-178.0,13.0
106.064,-178.0,13.0
106.106,-178.0,13.0
106.106,-178.0,13.0
106.106,-178.0,13.0
106.148,-178.0,13.0
106.148,-178.0,13.0
106.189,-178.0,13.0
106.189,-178.0,13.0
106.189,-178.0,13.0
106.231,-178.0,13.0
106.231,-178.0,13.0
106.273,-178.0,13.0
106.273,-178.0,13.0
106.273,-178.0,13.0
106.315,-178.0,13.0
106.315,-178.0,13.0
106.356,-178.0,13.0
106.356,-178.0,13.0
106.356,-178.0,13.0
106.398,-178.0,13.0
106.398,-178.0,13.0
106.44,-178.0,13.0
106.44,-178.0,13.0
106.44,-178.0,13.0
106.481,-178.0,13.0
106.481,-178.0,13.0
106.523,-178.0,13.0
106.523,-178.0,13.0
106.523,-178.0,13.0
106.565,-178.0,13.0
106.565,-178.0,13.0
106.606,-178.0,13.0
106.606,-178.0,13.0
106.606,-178.0,13.0
106.648,-178.0,13.0
106.648,-178.0,13.0
106.69,-178.0,13.0
106.69,-178.0,13.0
106.69,-178.0,13.0
106.732,-178.0,13.0
106.732,-178.0,13.0
106.773,-178.0,13.0
106.773,-178.0,13.0
106.773,-178.0,13.0
106.815,-178.0,13.0
106.815,-178.0,13.0
106.857,-178.0,13.0
106.857,-178.0,13.0
106.857,-178.0,13.0
106.898,-178.0,13.0
106.898,-178.0,13.0
106.94,-178.0,13.0
106.94,-178.0,13.0
106.982,-178.0,13.0
106.982,-178.0,13.0
107.024,-178.0,13.0
107.024,-178.0,13.0
107.024,-178.0,13.0
107.065,-178.0,13.0
107.065,-178.0,13.0
107.107,-178.0,13.0
107.107,-178.0,13.0
107.149,-178.0,13.0
107.149,-178.0,13.0
107.19,-178.0,13.0
107.19,-178.0,13.0
107.19,-178.0,13.0
107.232,-178.0,13.0
107.232,-178.0,13.0
107.274,-178.0,13.0
107.274,-178.0,13.0
107.274,-178.0,13.0
107.316,-178.0,13.0
107.316,-178.0,13.0
107.357,-178.0,13.0
107.357,-178.0,13.0
107.357,-178.0,13.0
107.399,-178.0,13.0
107.399,-178.0,13.0
107.441,-178.0,13.0
107.441,-178.0,13.0
107.441,-178.0,13.0
107.482,-178.0,13.0
107.482,-178.0,13.0
107.524,-178.0,13.0
107.524,-178.0,13.0
107.566,-178.0,13.0
107.566,-178.0,13.0
107.607,-178.0,13.0
107.607,-178.0,13.0
107.607,-178.0,13.0
107.649,-178.0,13.0
107.649,-178.0,13.0
107.691,-178.0,13.0
107.691,-178.0,13.0
107.691,-178.0,13.0
107.733,-178.0,13.0
107.733,-178.0,13.0
107.774,-178.0,13.0
107.774,-178.0,13.0
107.816,-178.0,13.0
107.816,-178.0,13.0
107.858,-178.0,13.0
107.858,-178.0,13.0
107.858,-178.0,13.0
107.899,-178.0,13.0
107.899,-178.0,13.0
107.941,-178.0,13.0
107.941,-178.0,13.0
107.941,-178.0,13.0
107.983,-178.0,13.0
107.983,-178.0,13.0
108.025,-178.0,13.0
108.025,-178.0,13.0
108.025,-178.0,13.0
108.066,-178.0,13.0
108.066,-178.0,13.0
108.108,-178.0,13.0
108.108,-178.0,13.0
108.15,-178.0,13.0
108.15,-178.0,13.0
108.191,-178.0,13.0
108.191,-178.0,13.0
108.191,-178.0,13.0
108.233,-178.0,13.0
108.233,-178.0,13.0
108.275,-178.0,13.0
108.275,-178.0,13.0
108.275,-178.0,13.0
108.317,-178.0,13.0
108.317,-178.0,13.0
108.358,-178.0,13.0
108.358,-178.0,13.0
108.358,-178.0,13.0
108.4,-178.0,13.0
108.4,-178.0,13.0
108.442,-178.0,13.0
108.442,-178.0,13.0
108.442,-178.0,13.0
108.483,-178.0,13.0
108.483,-178.0,13.0
108.525,-178.0,13.0
108.525,-178.0,13.0
108.525,-178.0,13.0
108.567,-178.0,13.0
108.567,-178.0,13.0
108.608,-178.0,13.0
108.608,-178.0,13.0
108.608,-178.0,13.0
108.65,-178.0,13.0
108.65,-178.0,13.0
108.692,-178.0,13.0
108.692,-178.0,13.0
108.692,-178.0,13.0
108.734,-178.0,13.0
108.734,-178.0,13.0
108.775,-178.0,13.0
108.775,-178.0,13.0
108.775,-178.0,13.0
108.817,-178.0,13.0
108.817,-178.0,13.0
108.859,-178.0,13.0
108.859,-178.0,13.0
108.9,-178.0,13.0
108.9,-178.0,13.0
108.942,-178.0,13.0
108.942,-178.0,13.0
108.942,-178.0,13.0
108.984,-178.0,13.0
108.984,-178.0,13.0
109.026,-178.0,13.0
109.026,-178.0,13.0
109.026,-178.0,13.0
109.067,-178.0,13.0
109.067,-178.0,13.0
109.109,-178.0,13.0
109.109,-178.0,13.0
109.109,-178.0,13.0
109.151,-178.0,13.0
109.151,-178.0,13.0
109.192,-178.0,13.0
109.192,-178.0,13.0
109.234,-178.0,13.0
109.234,-178.0,13.0
109.276,-178.0,13.0
109.276,-178.0,13.0
109.276,-178.0,13.0
109.318,-178.0,13.0
109.318,-178.0,13.0
109.359,-178.0,13.0
109.359,-178.0,13.0
109.359,-178.0,13.0
109.401,-178.0,13.0
109.401,-178.0,13.0
109.443,-178.0,13.0
109.443,-178.0,13.0
109.443,-178.0,13.0
109.484,-178.0,13.0
109.484,-178.0,13.0
109.526,-178.0,13.0
109.526,-178.0,13.0
109.526,-178.0,13.0
109.568,-178.0,13.0
109.568,-178.0,13.0
109.609,-178.0,13.0
109.609,-178.0,13.0
109.609,-178.0,13.0
109.651,-178.0,13.0
109.651,-178.0,13.0
109.693,-178.0,13.0
109.693,-178.0,13.0
109.693,-178.0,13.0
109.735,-178.0,13.0
109.735,-178.0,13.0
109.776,-178.0,13.0
109.776,-178.0,13.0
109.776,-178.0,13.0
109.818,-178.0,13.0
109.818,-178.0,13.0
109.86,-178.0,13.0
109.86,-178.0,13.0
109.86,-178.0,13.0
109.901,-178.0,13.0
109.901,-178.0,13.0
109.943,-178.0,13.0
109.943,-178.0,13.0
109.943,-178.0,13.0
109.985,-178.0,13.0
109.985,-178.0,13.0
110.027,-178.0,13.0
110.027,-178.0,13.0
110.068,-178.0,13.0
110.068,-178.0,13.0
110.11,-178.0,13.0
110.11,-178.0,13.0
110.11,-178.0,13.0
110.152,-178.0,13.0
110.152,-178.0,13.0
110.152,-178.0,13.0
110.193,-178.0,13.0
110.193,-178.0,13.0
110.235,-178.0,13.0
110.235,-178.0,13.0
110.277,-178.0,13.0
110.277,-178.0,13.0
110.277,-178.0,13.0
110.319,-178.0,13.0
110.319,-178.0,13.0
110.319,-178.0,13.0
110.36,-178.0,13.0
110.36,-178.0,13.0
110.402,-178.0,13.0
110.402,-178.0,13.0
110.444,-178.0,13.0
110.444,-178.0,13.0
110.444,-178.0,13.0
110.485,-178.0,13.0
110.485,-178.0,13.0
110.485,-178.0,13.0
110.527,-178.0,13.0
110.527,-178.0,13.0
110.569,-178.0,13.0
110.569,-178.0,13.0
110.61,-178.0,13.0
110.61,-178.0,13.0
110.61,-178.0,13.0
110.652,-178.0,13.0
110.652,-178.0,13.0
110.652,-178.0,13.0
110.694,-178.0,13.0
110.694,-178.0,13.0
110.736,-178.0,13.0
110.736,-178.0,13.0
110.736,-178.0,13.0
110.777,-178.0,13.0
110.777,-178.0,13.0
110.819,-178.0,13.0
110.819,-178.0,13.0
110.819,-178.0,13.0
110.861,-178.0,13.0
110.861,-178.0,13.0
110.902,-178.0,13.0
110.902,-178.0,13.0
110.902,-178.0,13.0
110.944,-178.0,13.0
110.944,-178.0,13.0
110.986,-178.0,13.0
110.986,-178.0,13.0
110.986,-178.0,13.0
111.028,-178.0,13.0
111.069,-178.0,13.0
111.069,-178.0,13.0
111.069,-178.0,13.0
111.111,-178.0,13.0
111.111,-178.0,13.0
111.153,-178.0,13.0
111.153,-178.0,13.0
111.153,-178.0,13.0
111.194,-178.0,13.0
111.194,-178.0,13.0
111.236,-178.0,13.0
111.236,-178.0,13.0
111.236,-178.0,13.0
111.278,-178.0,13.0
111.278,-178.0,13.0
111.32,-178.0,13.0
111.32,-178.0,13.0
111.32,-178.0,13.0
111.361,-178.0,13.0
111.361,-178.0,13.0
111.403,-178.0,13.0
111.403,-178.0,13.0
111.403,-178.0,13.0
111.445,-178.0,13.0
111.445,-178.0,13.0
111.486,-178.0,13.0
111.486,-178.0,13.0
111.486,-178.0,13.0
111.528,-178.0,13.0
111.528,-178.0,13.0
111.57,-178.0,13.0
111.57,-178.0,13.0
111.57,-178.0,13.0
111.611,-178.0,13.0
111.611,-178.0,13.0
111.653,-178.0,13.0
111.653,-178.0,13.0
111.653,-178.0,13.0
111.695,-178.0,13.0
111.695,-178.0,13.0
111.737,-178.0,13.0
111.737,-178.0,13.0
111.737,-178.0,13.0
111.778,-178.0,13.0
111.778,-178.0,13.0
111.82,-178.0,13.0
111.82,-178.0,13.0
111.82,-178.0,13.0
111.862,-178.0,13.0
111.862,-178.0,13.0
111.903,-178.0,13.0
111.903,-178.0,13.0
111.903,-178.0,13.0
111.945,-178.0,13.0
111.945,-178.0,13.0
111.987,-178.0,13.0
111.987,-178.0,13.0
111.987,-178.0,13.0
112.029,-178.0,13.0
112.029,-178.0,13.0
112.07,-178.0,13.0
112.07,-178.0,13.0
112.112,-178.0,13.0
112.154,-178.0,13.0
112.154,-178.0,13.0
112.195,-178.0,13.0
112.237,-178.0,13.0
112.237,-178.0,13.0
112.237,-178.0,13.0
112.279,-178.0,13.0
112.321,-178.0,13.0
112.321,-178.0,13.0
112.321,-178.0,13.0
112.362,-178.0,13.0
112.362,-178.0,13.0
112.404,-178.0,13.0
112.404,-178.0,13.0
112.404,-178.0,13.0
112.446,-178.0,13.0
112.446,-178.0,13.0
112.487,-178.0,13.0
112.487,-178.0,13.0
112.487,-178.0,13.0
112.529,-178.0,13.0
112.529,-178.0,13.0
112.571,-178.0,13.0
112.571,-178.0,13.0
112.612,-178.0,13.0
112.612,-178.0,13.0
112.654,-178.0,13.0
112.654,-178.0,13.0
112.654,-178.0,13.0
112.696,-178.0,13.0
112.696,-178.0,13.0
112.738,-178.0,13.0
112.738,-178.0,13.0
112.738,-178.0,13.0
112.779,-178.0,13.0
112.779,-178.0,13.0
112.821,-178.0,13.0
112.821,-178.0,13.0
112.821,-178.0,13.0
112.863,-178.0,13.0
112.904,-178.0,13.0
112.904,-178.0,13.0
112.904,-178.0,13.0
112.946,-178.0,13.0
112.946,-178.0,13.0
112.988,-178.0,13.0
112.988,-178.0,13.0
112.988,-178.0,13.0
113.03,-178.0,13.0
113.03,-178.0,13.0
113.071,-178.0,13.0
113.071,-178.0,13.0
113.071,-178.0,13.0
113.113,-178.0,13.0
113.155,-178.0,13.0
113.155,-178.0,13.0
113.155,-178.0,13.0
113.196,-178.0,13.0
113.196,-178.0,13.0
113.238,-178.0,13.0
113.238,-178.0,13.0
113.28,-178.0,13.0
113.28,-178.0,13.0
113.322,-178.0,13.0
113.322,-178.0,13.0
113.322,-178.0,13.0
113.363,-178.0,13.0
113.363,-178.0,13.0
113.405,-178.0,13.0
113.405,-178.0,13.0
113.405,-178.0,13.0
113.447,-178.0,13.0
113.447,-178.0,13.0
113.488,-178.0,13.0
113.488,-178.0,13.0
113.488,-178.0,13.0
113.53,-178.0,13.0
113.53,-178.0,13.0
113.572,-178.0,13.0
113.572,-178.0,13.0
113.572,-178.0,13.0
113.613,-178.0,13.0
113.655,-178.0,13.0
113.655,-178.0,13.0
113.655,-178.0,13.0
113.697,-178.0,13.0
113.697,-178.0,13.0
113.739,-178.0,13.0
113.739,-178.0,13.0
113.739,-178.0,13.0
113.78,-178.0,13.0
113.78,-178.0,13.0
113.822,-178.0,13.0
113.822,-178.0,13.0
113.822,-178.0,13.0
113.864,-178.0,13.0
113.864,-178.0,13.0
113.905,-178.0,13.0
113.905,-178.0,13.0
113.905,-178.0,13.0
113.947,-178.0,13.0
113.947,-178.0,13.0
113.989,-178.0,13.0
113.989,-178.0,13.0
113.989,-178.0,13.0
114.031,-178.0,13.0
114.072,-178.0,13.0
114.072,-178.0,13.0
114.114,-178.0,13.0
114.156,-178.0,13.0
114.156,-178.0,13.0
114.156,-178.0,13.0
114.197,-178.0,13.0
114.197,-178.0,13.0
114.239,-178.0,13.0
114.239,-178.0,13.0
114.239,-178.0,13.0
114.281,-178.0,13.0
114.323,-178.0,13.0
114.323,-178.0,13.0
114.323,-178.0,13.0
114.364,-178.0,13.0
114.364,-178.0,13.0
114.406,-178.0,13.0
114.406,-178.0,13.0
114.406,-178.0,13.0
114.448,-178.0,13.0
114.448,-178.0,13.0
114.489,-178.0,13.0
114.489,-178.0,13.0
114.489,-178.0,13.0
114.531,-178.0,13.0
114.531,-178.0,13.0
114.573,-178.0,13.0
114.573,-178.0,13.0
114.573,-178.0,13.0
114.614,-178.0,13.0
114.614,-178.0,13.0
114.656,-178.0,13.0
114.656,-178.0,13.0
114.656,-178.0,13.0
114.698,-178.0,13.0
114.698,-178.0,13.0
114.74,-178.0,13.0
114.74,-178.0,13.0
114.74,-178.0,13.0
114.781,-178.0,13.0
114.781,-178.0,13.0
114.823,-178.0,13.0
114.823,-178.0,13.0
114.823,-178.0,13.0
114.865,-178.0,13.0
114.865,-178.0,13.0
114.906,-178.0,13.0
114.906,-178.0,13.0
114.906,-178.0,13.0
114.948,-178.0,13.0
114.948,-178.0,13.0
114.99,-178.0,13.0
114.99,-178.0,13.0
114.99,-178.0,13.0
115.032,-178.0,13.0
115.032,-178.0,13.0
115.073,-178.0,13.0
115.073,-178.0,13.0
115.073,-178.0,13.0
115.115,-178.0,13.0
115.115,-178.0,13.0
115.157,-178.0,13.0
115.157,-178.0,13.0
115.157,-178.0,13.0
115.198,-178.0,13.0
115.198,-178.0,13.0
115.24,-178.0,13.0
115.24,-178.0,13.0
115.24,-178.0,13.0
115.282,-178.0,13.0
115.282,-178.0,13.0
115.324,-178.0,13.0
115.324,-178.0,13.0
115.324,-178.0,13.0
115.365,-178.0,13.0
115.365,-178.0,13.0
115.407,-178.0,13.0
115.407,-178.0,13.0
115.407,-178.0,13.0
115.449,-178.0,13.0
115.449,-178.0,13.0
115.49,-178.0,13.0
115.49,-178.0,13.0
115.49,-178.0,13.0
115.532,-178.0,13.0
115.532,-178.0,13.0
115.574,-178.0,13.0
115.574,-178.0,13.0
115.574,-178.0,13.0
115.615,-178.0,13.0
115.615,-178.0,13.0
115.657,-178.0,13.0
115.657,-178.0,13.0
115.657,-178.0,13.0
115.699,-178.0,13.0
115.699,-178.0,13.0
115.741,-178.0,13.0
115.741,-178.0,13.0
115.741,-178.0,13.0
115.782,-178.0,13.0
115.782,-178.0,13.0
115.824,-178.0,13.0
115.824,-178.0,13.0
115.824,-178.0,13.0
115.866,-178.0,13.0
115.866,-178.0,13.0
115.907,-178.0,13.0
115.907,-178.0,13.0
115.949,-178.0,13.0
115.949,-178.0,13.0
115.991,-178.0,13.0
115.991,-178.0,13.0
115.991,-178.0,13.0
116.033,-178.0,13.0
116.033,-178.0,13.0
116.074,-178.0,13.0
116.074,-178.0,13.0
116.074,-178.0,13.0
116.116,-178.0,13.0
116.116,-178.0,13.0
116.158,-178.0,13.0
116.158,-178.0,13.0
116.158,-178.0,13.0
116.199,-178.0,13.0
116.199,-178.0,13.0
116.241,-178.0,13.0
116.241,-178.0,13.0
116.241,-178.0,13.0
116.283,-178.0,13.0
116.283,-178.0,13.0
116.325,-178.0,13.0
116.325,-178.0,13.0
116.325,-178.0,13.0
116.366,-178.0,13.0
116.366,-178.0,13.0
116.408,-178.0,13.0
116.408,-178.0,13.0
116.408,-178.0,13.0
116.45,-178.0,13.0
116.45,-178.0,13.0
116.491,-178.0,13.0
116.491,-178.0,13.0
116.491,-178.0,13.0
116.533,-178.0,13.0
116.533,-178.0,13.0
116.575,-178.0,13.0
116.575,-178.0,13.0
116.575,-178.0,13.0
116.616,-178.0,13.0
116.616,-178.0,13.0
116.658,-178.0,13.0
116.658,-178.0,13.0
116.7,-178.0,13.0
116.7,-178.0,13.0
116.742,-178.0,13.0
116.742,-178.0,13.0
116.742,-178.0,13.0
116.783,-178.0,13.0
116.783,-178.0,13.0
116.825,-178.0,13.0
116.825,-178.0,13.0
116.825,-178.0,13.0
116.867,-178.0,13.0
116.867,-178.0,13.0
116.908,-178.0,13.0
116.908,-178.0,13.0
116.908,-178.0,13.0
116.95,-178.0,13.0
116.95,-178.0,13.0
116.992,-178.0,13.0
116.992,-178.0,13.0
116.992,-178.0,13.0
117.034,-178.0,13.0
117.034,-178.0,13.0
117.075,-178.0,13.0
117.075,-178.0,13.0
117.075,-178.0,13.0
117.117,-178.0,13.0
117.117,-178.0,13.0
117.159,-178.0,13.0
117.159,-178.0,13.0
117.159,-178.0,13.0
117.2,-178.0,13.0
117.2,-178.0,13.0
117.242,-178.0,13.0
117.242,-178.0,13.0
117.242,-178.0,13.0
117.284,-178.0,13.0
117.284,-178.0,13.0
117.326,-178.0,13.0
117.326,-178.0,13.0
117.326,-178.0,13.0
117.367,-178.0,13.0
117.367,-178.0,13.0
117.409,-178.0,13.0
117.409,-178.0,13.0
117.409,-178.0,13.0
117.451,-178.0,13.0
117.451,-178.0,13.0
117.492,-178.0,13.0
117.492,-178.0,13.0
117.492,-178.0,13.0
117.534,-178.0,13.0
117.534,-178.0,13.0
117.576,-178.0,13.0
117.576,-178.0,13.0
117.617,-178.0,13.0
117.617,-178.0,13.0
117.659,-178.0,13.0
117.659,-178.0,13.0
117.659,-178.0,13.0
117.701,-178.0,13.0
117.701,-178.0,13.0
117.743,-178.0,13.0
117.743,-178.0,13.0
117.743,-178.0,13.0
117.784,-178.0,13.0
117.784,-178.0,13.0
117.826,-178.0,13.0
117.826,-178.0,13.0
117.868,-178.0,13.0
117.868,-178.0,13.0
117.909,-178.0,13.0
117.909,-178.0,13.0
117.909,-178.0,13.0
117.951,-178.0,13.0
117.951,-178.0,13.0
117.993,-178.0,13.0
117.993,-178.0,13.0
117.993,-178.0,13.0
118.035,-178.0,13.0
118.035,-178.0,13.0
118.076,-178.0,13.0
118.076,-178.0,13.0
118.076,-178.0,13.0
118.118,-178.0,13.0
118.118,-178.0,13.0
118.16,-178.0,13.0
118.16,-178.0,13.0
118.16,-178.0,13.0
118.201,-178.0,13.0
118.201,-178.0,13.0
118.243,-178.0,13.0
118.243,-178.0,13.0
118.243,-178.0,13.0
118.285,-178.0,13.0
118.285,-178.0,13.0
118.327,-178.0,13.0
118.327,-178.0,13.0
118.327,-178.0,13.0
118.368,-178.0,13.0
118.368,-178.0,13.0
118.41,-178.0,13.0
118.41,-178.0,13.0
118.452,-178.0,13.0
118.452,-178.0,13.0
118.493,-178.0,13.0
118.493,-178.0,13.0
118.493,-178.0,13.0
118.535,-178.0,13.0
118.535,-178.0,13.0
118.535,-178.0,13.0
118.577,-178.0,13.0
118.577,-178.0,13.0
118.618,-178.0,13.0
118.618,-178.0,13.0
118.66,-178.0,13.0
118.66,-178.0,13.0
118.702,-178.0,13.0
118.702,-178.0,13.0
118.744,-178.0,13.0
118.744,-178.0,13.0
118.744,-178.0,13.0
118.785,-178.0,13.0
118.785,-178.0,13.0
118.785,-178.0,13.0
118.827,-178.0,13.0
118.827,-178.0,13.0
118.869,-178.0,13.0
118.869,-178.0,13.0
118.91,-178.0,13.0
118.91,-178.0,13.0
118.91,-178.0,13.0
118.952,-178.0,13.0
118.952,-178.0,13.0
118.952,-178.0,13.0
118.994,-178.0,13.0
118.994,-178.0,13.0
119.036,-178.0,13.0
119.036,-178.0,13.0
119.077,-178.0,13.0
119.077,-178.0,13.0
119.119,-178.0,13.0
119.119,-178.0,13.0
119.119,-178.0,13.0
119.161,-178.0,13.0
119.161,-178.0,13.0
119.202,-178.0,13.0
119.202,-178.0,13.0
119.202,-178.0,13.0
119.244,-178.0,13.0
119.244,-178.0,13.0
119.286,-178.0,13.0
119.286,-178.0,13.0
119.286,-178.0,13.0
119.328,-178.0,13.0
119.328,-178.0,13.0
119.369,-178.0,13.0
119.369,-178.0,13.0
119.369,-178.0,13.0
119.411,-178.0,13.0
119.411,-178.0,13.0
119.453,-178.0,13.0
119.453,-178.0,13.0
119.494,-178.0,13.0
119.494,-178.0,13.0
119.494,-178.0,13.0
119.536,-178.0,13.0
119.536,-178.0,13.0
119.536,-178.0,13.0
119.578,-178.0,13.0
119.578,-178.0,13.0
119.619,-178.0,13.0
119.619,-178.0,13.0
119.619,-178.0,13.0
119.661,-178.0,13.0
119.661,-178.0,13.0
119.703,-178.0,13.0
119.703,-178.0,13.0
119.745,-178.0,13.0
119.745,-178.0,13.0
119.786,-178.0,13.0
119.786,-178.0,13.0
119.786,-178.0,13.0
119.828,-178.0,13.0
119.828,-178.0,13.0
119.87,-178.0,13.0
119.87,-178.0,13.0
119.87,-178.0,13.0
119.911,-178.0,13.0
119.911,-178.0,13.0
119.953,-178.0,13.0
119.953,-178.0,13.0
119.995,-178.0,13.0
119.995,-178.0,13.0
120.037,-178.0,13.0
120.037,-178.0,13.0
120.078,-178.0,13.0
120.078,-178.0,13.0
120.12,-178.0,13.0
120.12,-178.0,13.0
120.162,-178.0,13.0
120.162,-178.0,13.0
120.203,-178.0,13.0
120.203,-178.0,13.0
120.245,-178.0,13.0
120.245,-178.0,13.0
120.287,-178.0,13.0
120.287,-178.0,13.0
120.287,-178.0,13.0
120.329,-178.0,13.0
120.329,-178.0,13.0
120.37,-178.0,13.0
120.37,-178.0,13.0
120.37,-178.0,13.0
120.412,-178.0,13.0
120.412,-178.0,13.0
120.454,-178.0,13.0
120.454,-178.0,13.0
120.454,-178.0,13.0
120.495,-178.0,13.0
120.495,-178.0,13.0
120.537,-178.0,13.0
120.537,-178.0,13.0
120.537,-178.0,13.0
120.579,-178.0,13.0
120.579,-178.0,13.0
120.62,-178.0,13.0
120.62,-178.0,13.0
120.62,-178.0,13.0
120.662,-178.0,13.0
120.662,-178.0,13.0
120.704,-178.0,13.0
120.704,-178.0,13.0
120.704,-178.0,13.0
120.746,-178.0,13.0
120.746,-178.0,13.0
120.787,-178.0,13.0
120.787,-178.0,13.0
120.787,-178.0,13.0
120.829,-178.0,13.0
120.829,-178.0,13.0
120.871,-178.0,13.0
120.871,-178.0,13.0
120.871,-178.0,13.0
120.912,-178.0,13.0
120.912,-178.0,13.0
120.954,-178.0,13.0
120.954,-178.0,13.0
120.954,-178.0,13.0
120.996,-178.0,13.0
120.996,-178.0,13.0
121.038,-178.0,13.0
121.038,-178.0,13.0
121.038,-178.0,13.0
121.079,-178.0,13.0
121.079,-178.0,13.0
121.121,-178.0,13.0
121.121,-178.0,13.0
121.121,-178.0,13.0
121.163,-178.0,13.0
121.163,-178.0,13.0
121.204,-178.0,13.0
121.204,-178.0,13.0
121.204,-178.0,13.0
121.246,-178.0,13.0
121.246,-178.0,13.0
121.288,-178.0,13.0
121.288,-178.0,13.0
121.288,-178.0,13.0
121.33,-178.0,13.0
121.33,-178.0,13.0
121.371,-178.0,13.0
121.371,-178.0,13.0
121.413,-178.0,13.0
121.455,-178.0,13.0
121.455,-178.0,13.0
121.455,-178.0,13.0
121.496,-178.0,13.0
121.538,-178.0,13.0
121.538,-178.0,13.0
121.538,-178.0,13.0
121.58,-178.0,13.0
121.58,-178.0,13.0
121.621,-178.0,13.0
121.621,-178.0,13.0
121.621,-178.0,13.0
121.663,-178.0,13.0
121.663,-178.0,13.0
121.705,-178.0,13.0
121.705,-178.0,13.0
121.705,-178.0,13.0
121.747,-178.0,13.0
121.747,-178.0,13.0
121.788,-178.0,13.0
121.788,-178.0,13.0
121.788,-178.0,13.0
121.83,-178.0,13.0
121.83,-178.0,13.0
121.872,-178.0,13.0
121.872,-178.0,13.0
121.872,-178.0,13.0
121.913,-178.0,13.0
121.913,-178.0,13.0
121.955,-178.0,13.0
121.955,-178.0,13.0
121.955,-178.0,13.0
121.997,-178.0,13.0
121.997,-178.0,13.0
122.039,-178.0,13.0
122.039,-178.0,13.0
122.039,-178.0,13.0
122.08,-178.0,13.0
122.08,-178.0,11.0
122.122,-178.0,7.0
122.122,-178.0,4.0
122.122,-176.0,1.0
122.164,-176.0,0.0
122.164,-177.0,0.0
122.205,-179.0,0.0
122.205,-179.0,0.0
122.205,-179.0,0.0
122.247,-179.0,4.0
122.247,-182.0,17.0
122.289,-191.0,31.0
122.289,-200.0,47.0
122.289,-205.0,57.0
122.331,-211.0,63.0
122.331,-218.0,67.0
122.372,-226.0,77.0
122.372,-244.0,96.0
122.372,-255.0,101.0
122.414,-263.0,101.0
122.414,-267.0,101.0
122.456,-269.0,99.0
122.456,-269.0,96.0
122.456,-269.0,91.0
122.497,-269.0,78.0
122.497,-269.0,61.0
122.539,-269.0,44.0
122.539,-268.0,29.0
122.539,-267.0,18.0
122.581,-266.0,7.0
122.622,-263.0,-9.0
122.622,-261.0,-21.0
122.622,-261.0,-24.0
122.664,-261.0,-28.0
122.664,-261.0,-31.0
122.706,-261.0,-31.0
122.706,-261.0,-32.0
122.706,-261.0,-32.0
122.748,-261.0,-32.0
122.748,-261.0,-32.0
122.789,-261.0,-32.0
122.789,-261.0,-32.0
122.789,-261.0,-32.0
122.831,-261.0,-32.0
122.831,-261.0,-32.0
122.873,-261.0,-32.0
122.873,-261.0,-32.0
122.873,-261.0,-32.0
122.914,-261.0,-33.0
122.914,-260.0,-33.0
122.956,-260.0,-33.0
122.956,-259.0,-34.0
122.956,-259.0,-34.0
122.998,-258.0,-34.0
122.998,-258.0,-34.0
123.04,-252.0,-36.0
123.04,-252.0,-36.0
123.04,-251.0,-36.0
123.081,-251.0,-36.0
123.081,-251.0,-36.0
123.123,-251.0,-36.0
123.123,-250.0,-35.0
123.123,-249.0,-35.0
123.165,-249.0,-34.0
123.165,-249.0,-34.0
123.206,-249.0,-34.0
123.206,-249.0,-34.0
123.206,-249.0,-34.0
123.248,-249.0,-34.0
123.248,-249.0,-34.0
123.29,-249.0,-34.0
123.29,-249.0,-34.0
123.29,-249.0,-34.0
123.332,-249.0,-34.0
123.332,-249.0,-34.0
123.373,-249.0,-34.0
123.373,-247.0,-33.0
123.373,-247.0,-33.0
123.415,-246.0,-33.0
123.415,-246.0,-33.0
123.457,-246.0,-33.0
123.457,-246.0,-33.0
123.457,-246.0,-33.0
123.498,-246.0,-33.0
123.498,-245.0,-33.0
123.54,-245.0,-33.0
123.54,-245.0,-33.0
123.54,-245.0,-33.0
123.582,-245.0,-33.0
123.582,-245.0,-33.0
123.623,-245.0,-33.0
123.623,-245.0,-33.0
123.623,-245.0,-33.0
123.665,-245.0,-33.0
123.665,-245.0,-33.0
123.707,-245.0,-33.0
123.707,-245.0,-33.0
123.749,-245.0,-33.0
123.749,-245.0,-33.0
123.79,-245.0,-33.0
123.79,-245.0,-33.0
123.79,-245.0,-33.0
123.832,-245.0,-33.0
123.832,-245.0,-33.0
123.874,-245.0,-33.0
123.874,-245.0,-33.0
123.874,-245.0,-33.0
123.915,-245.0,-33.0
123.915,-245.0,-33.0
123.957,-245.0,-33.0
123.957,-245.0,-33.0
123.957,-245.0,-33.0
123.999,-245.0,-33.0
123.999,-245.0,-33.0
124.041,-245.0,-33.0
124.041,-245.0,-33.0
124.041,-245.0,-33.0
124.082,-245.0,-33.0
124.082,-245.0,-33.0
124.124,-245.0,-33.0
124.124,-245.0,-33.0
124.124,-245.0,-33.0
124.166,-245.0,-33.0
124.207,-245.0,-33.0
124.207,-245.0,-33.0
124.207,-245.0,-33.0
124.249,-245.0,-33.0
124.249,-245.0,-33.0
124.291,-245.0,-33.0
124.291,-245.0,-33.0
124.291,-245.0,-33.0
124.333,-245.0,-33.0
124.333,-245.0,-33.0
124.374,-245.0,-33.0
124.374,-245.0,-33.0
124.374,-245.0,-33.0
124.416,-245.0,-33.0
124.416,-245.0,-33.0
124.458,-245.0,-33.0
124.458,-245.0,-33.0
124.458,-245.0,-33.0
124.499,-245.0,-33.0
124.499,-245.0,-33.0
124.541,-245.0,-33.0
124.541,-245.0,-33.0
124.541,-245.0,-33.0
124.583,-245.0,-33.0
124.583,-245.0,-33.0
124.624,-245.0,-33.0
124.624,-245.0,-33.0
124.624,-245.0,-33.0
124.666,-245.0,-33.0
124.666,-245.0,-33.0
124.708,-245.0,-33.0
124.708,-245.0,-33.0
124.708,-245.0,-33.0
124.75,-245.0,-33.0
124.75,-245.0,-33.0
124.791,-245.0,-33.0
124.791,-245.0,-33.0
124.791,-245.0,-33.0
124.833,-245.0,-33.0
124.833,-245.0,-33.0
124.875,-245.0,-33.0
124.875,-245.0,-33.0
124.916,-245.0,-33.0
124.916,-245.0,-33.0
124.958,-245.0,-33.0
124.958,-245.0,-33.0
124.958,-245.0,-33.0
125.0,-245.0,-33.0
125.0,-245.0,-33.0
125.042,-245.0,-33.0
125.042,-245.0,-33.0
125.042,-245.0,-33.0
125.083,-245.0,-33.0
125.125,-245.0,-33.0
125.125,-245.0,-33.0
125.125,-245.0,-33.0
125.167,-245.0,-33.0
125.167,-245.0,-33.0
125.208,-245.0,-33.0
125.208,-245.0,-33.0
125.208,-245.0,-33.0
125.25,-245.0,-33.0
125.25,-245.0,-33.0
125.292,-245.0,-33.0
125.292,-245.0,-33.0
125.292,-245.0,-33.0
125.334,-245.0,-33.0
125.334,-245.0,-33.0
125.375,-245.0,-33.0
125.375,-245.0,-33.0
125.375,-245.0,-33.0
125.417,-245.0,-33.0
125.417,-245.0,-33.0
125.459,-245.0,-33.0
125.459,-245.0,-33.0
125.459,-245.0,-33.0
125.5,-245.0,-33.0
125.5,-245.0,-33.0
125.542,-245.0,-33.0
125.542,-245.0,-33.0
125.542,-245.0,-33.0
125.584,-245.0,-33.0
125.584,-245.0,-33.0
125.625,-245.0,-33.0
125.625,-245.0,-33.0
125.625,-245.0,-33.0
125.667,-245.0,-33.0
125.667,-245.0,-33.0
125.709,-245.0,-33.0
125.709,-245.0,-33.0
125.709,-245.0,-33.0
125.751,-245.0,-33.0
125.751,-245.0,-33.0
125.792,-245.0,-33.0
125.792,-245.0,-33.0
125.792,-245.0,-33.0
125.834,-245.0,-33.0
125.834,-245.0,-33.0
125.876,-245.0,-33.0
125.876,-245.0,-33.0
125.917,-245.0,-33.0
125.917,-245.0,-33.0
125.959,-245.0,-33.0
125.959,-245.0,-33.0
125.959,-245.0,-33.0
126.001,-245.0,-33.0
126.001,-245.0,-33.0
126.043,-245.0,-33.0
126.043,-245.0,-33.0
126.043,-245.0,-33.0
126.084,-245.0,-33.0
126.084,-245.0,-33.0
126.126,-245.0,-33.0
126.126,-245.0,-33.0
126.168,-245.0,-33.0
126.168,-245.0,-33.0
126.209,-245.0,-33.0
126.209,-245.0,-33.0
126.209,-245.0,-33.0
126.251,-245.0,-33.0
126.251,-245.0,-33.0
126.293,-245.0,-33.0
126.293,-245.0,-33.0
126.293,-245.0,-33.0
126.335,-245.0,-33.0
126.335,-245.0,-33.0
126.376,-245.0,-33.0
126.376,-245.0,-33.0
126.376,-245.0,-33.0
126.418,-245.0,-33.0
126.418,-245.0,-33.0
126.46,-245.0,-33.0
126.46,-245.0,-33.0
126.46,-245.0,-33.0
126.501,-245.0,-33.0
126.501,-245.0,-33.0
126.543,-245.0,-33.0
126.543,-245.0,-33.0
126.543,-245.0,-33.0
126.585,-245.0,-33.0
126.585,-245.0,-33.0
126.626,-245.0,-33.0
126.626,-245.0,-33.0
126.626,-245.0,-33.0
126.668,-245.0,-33.0
126.668,-245.0,-33.0
126.71,-245.0,-33.0
126.71,-245.0,-33.0
126.71,-245.0,-33.0
126.752,-245.0,-33.0
126.752,-245.0,-33.0
126.793,-245.0,-33.0
126.793,-245.0,-33.0
126.793,-245.0,-33.0
126.835,-245.0,-33.0
126.835,-245.0,-33.0
126.877,-245.0,-33.0
126.877,-245.0,-33.0
126.877,-245.0,-33.0
126.918,-245.0,-33.0
126.918,-245.0,-33.0
126.918,-245.0,-33.0
126.96,-245.0,-33.0
126.96,-245.0,-33.0
127.002,-245.0,-33.0
127.002,-245.0,-33.0
127.044,-245.0,-33.0
127.044,-245.0,-33.0
127.044,-245.0,-33.0
127.085,-245.0,-33.0
127.085,-245.0,-33.0
127.085,-245.0,-33.0
127.127,-245.0,-33.0
127.127,-245.0,-33.0
127.169,-245.0,-33.0
127.169,-245.0,-33.0
127.21,-245.0,-33.0
127.21,-245.0,-33.0
127.21,-245.0,-33.0
127.252,-245.0,-33.0
127.252,-245.0,-33.0
127.252,-245.0,-33.0
127.294,-245.0,-33.0
127.294,-245.0,-33.0
127.336,-245.0,-33.0
127.336,-245.0,-33.0
127.377,-245.0,-33.0
127.377,-245.0,-33.0
127.377,-245.0,-33.0
127.419,-245.0,-33.0
127.419,-245.0,-33.0
127.419,-245.0,-33.0
127.461,-245.0,-33.0
127.461,-245.0,-33.0
127.502,-245.0,-33.0
127.502,-245.0,-33.0
127.544,-245.0,-33.0
127.544,-245.0,-33.0
127.586,-245.0,-33.0
127.586,-245.0,-33.0
127.627,-245.0,-33.0
127.627,-245.0,-33.0
127.669,-245.0,-33.0
127.669,-245.0,-33.0
127.669,-245.0,-33.0
127.711,-245.0,-33.0
127.711,-245.0,-33.0
127.753,-245.0,-33.0
127.753,-245.0,-33.0
127.753,-245.0,-33.0
127.794,-245.0,-33.0
127.794,-245.0,-33.0
127.836,-245.0,-33.0
127.836,-245.0,-33.0
127.836,-245.0,-33.0
127.878,-245.0,-33.0
127.878,-245.0,-33.0
127.919,-245.0,-33.0
127.919,-245.0,-33.0
127.919,-245.0,-33.0
127.961,-245.0,-33.0
127.961,-245.0,-33.0
128.003,-245.0,-33.0
128.003,-245.0,-33.0
128.003,-245.0,-33.0
128.045,-245.0,-33.0
128.045,-245.0,-33.0
128.086,-245.0,-33.0
128.086,-245.0,-33.0
128.086,-245.0,-33.0
128.128,-245.0,-33.0
128.128,-245.0,-33.0
128.17,-245.0,-33.0
128.17,-245.0,-33.0
128.17,-245.0,-33.0
128.211,-245.0,-33.0
128.211,-245.0,-33.0
128.253,-245.0,-33.0
128.253,-245.0,-33.0
128.253,-245.0,-33.0
128.295,-245.0,-33.0
128.295,-245.0,-33.0
128.337,-245.0,-33.0
128.337,-245.0,-33.0
128.337,-245.0,-33.0
128.378,-245.0,-33.0
128.378,-245.0,-33.0
128.42,-245.0,-33.0
128.42,-245.0,-33.0
128.42,-245.0,-33.0
128.462,-237.0,-30.0
128.462,-222.0,-20.0
128.503,-202.0,-13.0
128.503,-195.0,-14.0
128.503,-195.0,-19.0
128.545,-195.0,-19.0
128.545,-195.0,-19.0
128.587,-195.0,-19.0
128.587,-195.0,-19.0
128.587,-202.0,-21.0
128.628,-206.0,-21.0
128.628,-207.0,-21.0
128.67,-207.0,-21.0
128.67,-207.0,-21.0
128.67,-192.0,-12.0
128.712,-172.0,2.0
128.712,-157.0,15.0
128.754,-149.0,23.0
128.754,-149.0,27.0
128.754,-150.0,29.0
128.795,-155.0,32.0
128.795,-161.0,35.0
128.837,-166.0,38.0
128.837,-171.0,38.0
128.879,-174.0,38.0
128.879,-179.0,35.0
128.92,-198.0,10.0
128.92,-221.0,-26.0
128.92,-242.0,-79.0
128.962,-273.0,-155.0
129.546,-317.0,-29.0
129.588,-298.0,-5.0
129.588,-292.0,11.0
129.588,-292.0,24.0
129.629,-292.0,29.0
129.629,-294.0,33.0
129.671,-296.0,34.0
129.671,-296.0,34.0
129.671,-298.0,34.0
132.883,-300.0,27.0
132.924,-273.0,33.0
132.924,-200.0,55.0
132.924,-128.0,76.0
132.966,-105.0,94.0
132.966,-105.0,101.0
133.008,-105.0,104.0
133.008,-105.0,113.0
133.008,-105.0,120.0
133.05,-105.0,123.0
133.05,-105.0,129.0
133.091,-105.0,138.0
133.091,-105.0,146.0
133.091,-105.0,157.0
133.133,-105.0,166.0
133.133,-105.0,170.0
133.175,-105.0,171.0
133.175,-105.0,176.0
133.175,-105.0,181.0
133.216,-105.0,201.0
133.216,-105.0,210.0
133.258,-105.0,218.0
133.258,-105.0,222.0
133.258,-105.0,224.0
133.3,-105.0,230.0
133.3,-105.0,236.0
133.342,-109.0,240.0
133.342,-111.0,241.0
133.342,-111.0,241.0
133.383,-111.0,241.0
133.383,-112.0,241.0
133.425,-124.0,227.0
133.425,-138.0,207.0
133.425,-154.0,187.0
133.467,-162.0,175.0
133.508,-170.0,167.0
133.508,-173.0,164.0
133.508,-174.0,163.0
133.55,-174.0,163.0
133.55,-174.0,163.0
133.592,-175.0,163.0
133.592,-175.0,163.0
133.592,-175.0,163.0
133.633,-175.0,163.0
133.633,-175.0,163.0
133.675,-176.0,163.0
133.675,-178.0,163.0
133.675,-179.0,162.0
133.717,-181.0,161.0
133.717,-185.0,160.0
133.759,-191.0,157.0
133.759,-197.0,154.0
133.759,-199.0,152.0
133.8,-204.0,149.0
133.8,-204.0,148.0
133.842,-205.0,147.0
133.842,-205.0,145.0
133.842,-205.0,145.0
133.884,-205.0,145.0
133.884,-205.0,145.0
133.925,-205.0,145.0
133.925,-205.0,145.0
133.925,-205.0,145.0
133.967,-205.0,145.0
133.967,-205.0,145.0
134.009,-205.0,145.0
134.009,-205.0,145.0
134.009,-205.0,145.0
134.051,-205.0,145.0
134.051,-205.0,145.0
134.092,-205.0,145.0
134.092,-206.0,145.0
134.092,-206.0,145.0
134.134,-208.0,145.0
134.134,-208.0,145.0
134.176,-209.0,146.0
134.176,-227.0,135.0
134.176,-235.0,126.0
134.217,-243.0,112.0
134.217,-249.0,96.0
134.259,-252.0,81.0
134.259,-254.0,65.0
134.259,-256.0,55.0
134.301,-257.0,47.0
134.301,-257.0,36.0
134.343,-257.0,29.0
134.343,-259.0,22.0
134.343,-259.0,18.0
134.384,-260.0,10.0
134.384,-262.0,3.0
134.426,-263.0,-8.0
134.426,-265.0,-19.0
134.426,-266.0,-28.0
134.468,-269.0,-37.0
134.468,-271.0,-41.0
134.509,-272.0,-45.0
134.509,-273.0,-48.0
134.551,-273.0,-48.0
134.551,-273.0,-48.0
134.593,-276.0,-40.0
134.593,-283.0,-21.0
137.304,-310.0,-207.0
137.304,-297.0,-207.0
137.304,-285.0,-207.0
137.346,-268.0,-207.0
137.346,-251.0,-207.0
137.387,-231.0,-207.0
137.387,-211.0,-207.0
137.387,-196.0,-207.0
137.429,-187.0,-207.0
137.429,-179.0,-209.0
137.471,-176.0,-209.0
137.471,-172.0,-210.0
137.512,-167.0,-210.0
137.512,-166.0,-210.0
137.512,-165.0,-210.0
137.554,-165.0,-210.0
137.554,-165.0,-210.0
137.554,-163.0,-210.0
137.596,-163.0,-211.0
137.596,-163.0,-213.0
137.637,-164.0,-214.0
137.637,-168.0,-218.0
137.637,-177.0,-222.0
137.679,-185.0,-225.0
137.679,-196.0,-229.0
137.721,-204.0,-229.0
137.721,-206.0,-229.0
137.721,-208.0,-229.0
137.763,-214.0,-229.0
137.763,-221.0,-229.0
137.804,-230.0,-229.0
137.804,-239.0,-229.0
137.804,-244.0,-229.0
137.846,-249.0,-229.0
137.846,-255.0,-229.0
137.888,-260.0,-229.0
137.888,-264.0,-229.0
137.888,-268.0,-229.0
137.929,-271.0,-229.0
137.929,-273.0,-229.0
137.971,-274.0,-230.0
137.971,-275.0,-230.0
138.013,-276.0,-230.0
138.013,-277.0,-230.0
138.055,-279.0,-230.0
138.055,-280.0,-230.0
138.055,-280.0,-230.0
138.096,-280.0,-230.0
138.096,-280.0,-230.0
138.138,-280.0,-230.0
138.138,-280.0,-226.0
138.138,-280.0,-211.0
138.18,-281.0,-196.0
138.18,-281.0,-179.0
138.221,-281.0,-164.0
138.221,-281.0,-153.0
138.221,-281.0,-140.0
138.263,-281.0,-130.0
138.263,-281.0,-110.0
138.305,-283.0,-96.0
138.305,-285.0,-83.0
138.305,-286.0,-74.0
138.347,-289.0,-64.0
138.347,-291.0,-57.0
138.388,-292.0,-50.0
138.388,-297.0,-40.0
138.388,-298.0,-38.0
138.43,-298.0,-34.0
138.43,-298.0,-33.0
138.472,-298.0,-33.0
138.472,-298.0,-33.0
138.472,-298.0,-33.0
138.513,-298.0,-33.0
138.513,-298.0,-33.0
138.555,-298.0,-33.0
138.555,-298.0,-33.0
138.555,-298.0,-33.0
138.597,-298.0,-33.0
138.597,-298.0,-33.0
140.849,-305.0,10.0
140.891,-293.0,16.0
140.891,-286.0,23.0
140.891,-280.0,29.0
140.932,-276.0,38.0
140.932,-274.0,44.0
140.974,-270.0,53.0
140.974,-269.0,62.0
140.974,-266.0,76.0
141.016,-266.0,83.0
141.016,-266.0,85.0
141.058,-266.0,87.0
141.058,-266.0,87.0
141.058,-266.0,87.0
141.099,-266.0,87.0
141.099,-266.0,87.0
141.141,-273.0,83.0
141.141,-281.0,70.0
141.141,-285.0,56.0
141.183,-287.0,37.0
141.183,-285.0,34.0
141.224,-284.0,30.0
141.224,-281.0,30.0
141.224,-279.0,29.0
141.266,-275.0,29.0
141.266,-269.0,34.0
141.308,-262.0,38.0
141.308,-256.0,42.0
141.308,-254.0,45.0
141.35,-253.0,48.0
141.35,-253.0,50.0
141.391,-253.0,51.0
141.391,-253.0,54.0
141.391,-254.0,56.0
141.433,-255.0,60.0
141.433,-256.0,62.0
141.475,-259.0,68.0
141.475,-264.0,73.0
141.475,-267.0,81.0
141.516,-270.0,90.0
141.558,-277.0,106.0
141.558,-279.0,111.0
141.558,-281.0,115.0
141.6,-282.0,116.0
141.6,-282.0,117.0
141.641,-284.0,117.0
141.641,-284.0,117.0
141.641,-285.0,117.0
141.683,-285.0,117.0
141.683,-286.0,117.0
141.725,-286.0,117.0
141.725,-286.0,117.0
141.767,-286.0,117.0
141.767,-286.0,117.0
141.808,-286.0,117.0
141.808,-286.0,117.0
141.808,-286.0,117.0
141.85,-286.0,117.0
141.85,-286.0,117.0
141.892,-286.0,117.0
141.892,-286.0,117.0
141.892,-286.0,117.0
141.933,-286.0,117.0
141.933,-287.0,117.0
141.975,-288.0,117.0
141.975,-291.0,119.0
